10000
1,20,90
10,6,24
4,19,5
13,20,33
18,15,7
3,10,35
21,2,86
12,11,89
23,6,1
17,5,78
26,29,64
23,29,86
17,19,49
25,29,52
4,30,9
25,21,81
20,13,46
16,28,77
8,21,51
13,11,30
8,25,36
11,4,18
10,27,79
13,5,33
18,27,71
14,23,12
2,16,41
28,3,44
6,7,25
14,6,21
11,12,42
19,14,16
11,18,17
3,9,68
2,11,85
17,10,98
9,17,91
13,23,8
22,5,50
10,9,87
27,27,69
11,8,76
14,12,68
9,18,94
16,4,94
5,9,16
7,4,46
7,18,6
2,24,1
4,21,94
27,22,100
6,3,91
28,20,47
14,14,53
2,21,11
15,26,33
3,6,98
22,17,98
28,7,22
21,14,79
11,19,1
17,29,98
11,14,50
25,26,1
11,1,19
28,1,40
22,21,57
10,23,85
9,3,75
16,20,64
29,22,29
5,2,43
6,16,45
23,19,66
21,21,15
20,26,10
30,9,39
20,8,55
16,7,15
12,26,13
25,13,67
4,20,69
24,2,57
22,15,99
21,28,23
2,11,66
21,5,71
8,8,55
13,28,53
8,24,68
1,22,100
20,30,19
23,10,29
2,9,86
9,17,27
20,28,2
17,14,75
29,4,14
17,9,73
3,12,75
4,2,5
29,20,61
25,15,35
13,7,4
4,12,89
29,20,58
20,10,76
25,16,39
11,6,12
14,9,55
9,28,86
12,15,29
17,12,55
7,22,24
2,13,94
27,25,81
11,2,85
5,19,5
20,25,61
30,11,6
10,9,48
4,4,31
10,3,53
5,18,67
25,3,96
19,27,11
14,14,21
13,23,17
25,25,97
13,23,91
6,20,57
5,10,15
27,8,73
11,3,72
16,9,100
23,7,74
16,2,26
13,18,22
5,26,31
8,15,81
7,24,88
27,18,78
27,5,85
11,24,99
23,9,14
4,28,37
3,28,88
13,22,5
13,22,1
20,28,66
23,16,47
15,27,18
20,12,25
23,3,87
28,6,96
16,17,27
23,3,3
9,6,7
7,2,72
27,14,72
7,10,35
1,10,34
22,22,5
8,12,89
12,9,23
18,27,16
3,4,84
14,7,46
15,24,15
30,23,23
11,10,100
19,4,42
1,12,27
30,26,65
14,21,34
17,13,57
27,12,19
17,22,21
6,2,89
11,4,7
19,24,54
26,26,89
14,9,48
28,13,7
13,29,21
24,28,31
28,6,21
23,7,40
23,11,65
15,22,55
1,27,77
18,17,11
4,2,94
1,30,33
6,26,89
27,25,85
16,20,10
29,26,87
5,20,68
4,18,95
23,10,46
6,20,57
14,19,11
1,22,32
19,22,2
26,27,67
29,1,71
17,7,22
13,28,51
11,21,80
5,16,58
4,6,60
1,25,9
7,4,25
24,16,39
5,18,77
23,22,47
28,27,25
25,8,92
3,7,17
9,4,83
17,6,78
11,7,22
6,14,93
18,23,89
30,10,74
2,9,90
1,27,60
25,14,42
3,30,59
11,17,58
15,12,17
14,11,40
25,15,12
3,25,100
20,3,30
1,30,5
18,12,86
13,7,66
26,9,30
4,29,18
25,1,14
11,18,59
16,23,71
27,6,81
28,15,36
11,20,58
22,11,53
28,26,5
19,30,83
26,27,81
18,2,38
3,21,36
18,26,14
2,30,52
21,6,34
22,13,93
1,4,6
15,22,26
28,5,9
14,20,76
26,12,18
30,14,83
3,2,61
13,27,19
3,23,36
18,6,75
10,18,84
1,11,39
5,11,92
7,19,6
9,26,78
28,5,27
9,24,50
15,4,1
13,7,88
23,21,35
30,17,64
16,12,28
6,23,75
2,19,99
15,23,90
28,17,68
20,15,20
5,3,21
13,14,77
24,13,71
28,1,70
7,29,49
9,8,1
3,21,90
28,24,29
21,29,84
30,14,58
4,3,99
25,10,98
13,24,3
19,10,8
20,27,52
26,13,15
26,17,61
21,2,75
2,6,7
13,13,73
19,7,86
29,30,46
5,8,62
16,15,91
30,26,14
19,25,26
10,6,33
19,20,5
22,19,34
10,30,86
12,4,73
7,5,18
29,13,86
30,16,60
30,24,4
5,2,90
19,27,63
4,24,99
30,16,19
30,23,87
29,26,17
22,26,55
26,14,51
30,18,16
12,7,12
14,16,1
2,15,55
2,13,42
28,12,6
30,16,65
27,9,41
11,11,83
13,19,37
8,21,84
17,8,32
7,25,33
9,28,83
29,25,85
8,26,45
14,28,93
24,15,78
28,21,42
10,27,57
23,16,88
16,22,22
8,25,99
7,21,33
12,8,33
26,9,75
18,26,96
3,11,51
22,27,51
26,10,80
11,2,95
20,6,37
14,27,24
27,18,96
30,15,51
19,14,49
29,12,26
7,1,27
17,7,39
3,13,100
28,1,25
4,6,17
21,27,77
16,14,5
26,10,70
18,5,50
25,19,87
7,23,28
23,26,42
18,18,30
1,6,56
13,9,18
27,16,23
2,26,42
6,3,78
2,23,68
10,26,63
17,4,22
4,2,51
29,30,72
30,23,61
3,20,56
20,6,76
4,2,87
21,24,84
24,7,74
11,2,18
8,23,4
3,23,25
20,15,92
23,14,52
24,3,40
17,7,2
23,12,65
9,14,33
20,16,51
17,20,56
4,15,42
12,9,14
13,14,70
12,30,73
30,10,27
8,10,22
28,20,1
14,10,17
5,1,37
2,27,56
14,11,71
6,29,92
3,5,76
25,8,53
11,29,1
11,26,30
28,3,14
8,22,40
15,14,15
1,1,11
21,13,28
27,19,94
23,5,33
12,1,73
29,15,84
13,1,70
5,3,69
11,28,74
2,23,15
24,5,51
4,14,45
3,16,89
17,20,68
17,27,68
11,20,83
12,7,29
12,13,64
20,25,93
6,3,55
25,8,41
15,30,16
15,24,39
4,29,32
28,28,57
28,5,72
30,19,18
8,28,37
20,27,33
27,21,2
23,4,41
2,3,95
3,29,74
30,2,39
13,1,30
9,5,57
11,30,70
10,13,3
29,23,35
1,15,55
30,24,49
2,12,71
4,18,97
29,2,38
10,7,32
27,15,51
11,23,54
17,29,3
3,22,2
12,1,42
14,2,21
10,29,2
10,3,60
28,7,70
23,16,9
21,1,98
20,16,9
13,29,79
15,7,90
12,5,18
6,7,22
24,18,87
19,2,76
6,11,26
15,14,27
25,26,22
19,15,8
2,19,67
28,23,86
7,11,99
9,4,72
29,14,22
22,8,28
3,11,2
21,25,61
6,29,56
22,4,86
2,21,64
14,7,31
8,22,22
21,24,76
12,10,56
6,11,82
17,4,72
15,2,16
6,6,36
19,7,27
1,26,68
1,16,57
16,18,64
1,16,41
29,14,87
21,16,82
27,24,81
25,8,56
10,19,28
23,19,45
3,18,89
21,17,34
8,27,30
14,24,63
12,25,65
7,16,81
20,19,87
12,12,59
6,5,40
25,28,96
8,16,62
1,28,21
26,27,62
30,20,94
20,18,25
29,8,84
2,2,35
22,3,47
6,27,4
11,10,48
27,8,38
20,19,1
17,16,8
21,2,60
13,27,28
6,26,38
6,6,96
11,29,100
30,12,49
4,23,71
8,24,80
28,14,88
20,15,86
20,7,13
26,6,56
13,4,77
18,1,84
27,21,6
11,15,52
2,14,44
13,26,84
18,15,50
18,28,96
9,19,11
22,26,18
16,26,90
8,21,18
19,10,81
8,23,43
7,16,86
3,5,41
6,16,36
23,5,79
20,4,14
18,17,97
20,15,66
16,15,35
19,21,75
7,6,5
30,19,4
27,12,3
16,13,51
14,24,52
10,26,5
29,9,91
15,9,40
7,5,92
19,11,42
30,5,49
7,1,70
19,22,51
6,26,9
26,20,67
30,12,99
15,3,70
13,24,100
20,7,16
21,15,73
7,26,67
19,27,7
7,4,3
10,18,93
19,16,5
6,13,29
28,28,79
26,30,96
29,13,15
2,27,39
9,15,48
7,27,10
17,21,14
22,3,86
29,24,70
14,18,41
8,28,39
26,16,63
12,20,12
24,17,13
15,3,93
13,26,40
14,13,7
30,25,42
26,28,66
1,11,61
9,16,52
15,29,46
24,17,4
18,9,67
5,17,59
19,11,9
15,7,26
26,25,91
9,8,44
16,26,57
19,1,19
18,27,78
21,1,39
3,19,85
11,15,90
26,2,68
6,7,99
12,6,60
1,17,63
1,2,47
6,1,59
21,6,65
5,5,89
17,16,15
28,1,26
5,26,14
10,28,25
5,12,26
5,19,48
5,21,3
15,5,47
3,15,32
11,20,100
23,19,25
15,3,94
29,5,28
2,9,99
11,28,42
23,15,9
8,8,76
14,12,57
24,14,97
10,8,51
2,7,4
26,28,11
27,10,2
15,24,14
20,20,24
6,23,17
13,15,36
24,18,32
15,24,86
30,18,98
29,9,23
19,12,79
12,19,99
13,8,8
23,5,29
19,11,91
11,30,21
13,17,48
25,28,7
16,15,24
7,3,3
18,30,42
19,27,26
7,2,40
28,12,35
23,8,1
2,22,98
19,25,86
4,3,66
18,26,31
28,7,95
13,28,9
7,13,65
9,8,94
14,29,43
6,30,99
4,25,68
29,11,62
30,22,16
9,25,45
22,10,8
11,27,26
21,25,27
12,11,7
15,9,13
5,1,64
24,12,100
19,18,67
16,9,20
14,22,100
30,22,26
26,4,59
29,4,45
3,11,3
24,1,74
5,1,51
11,3,13
28,4,17
10,15,12
30,23,51
28,19,46
29,2,25
30,4,21
17,28,73
17,2,55
2,23,5
13,12,16
25,29,18
30,28,10
8,8,61
2,10,66
4,3,31
12,2,88
7,18,99
20,12,32
16,18,62
6,15,32
9,4,31
28,2,31
20,6,73
14,14,15
12,7,8
27,20,6
27,29,67
3,24,11
9,28,11
21,10,16
10,28,9
9,29,21
21,5,42
6,2,59
18,25,55
4,13,55
13,23,24
5,29,49
11,22,99
10,6,37
1,15,40
1,15,8
19,1,65
30,22,16
18,7,7
24,18,51
24,6,92
1,7,2
26,24,26
10,7,75
4,28,56
9,3,93
14,26,15
29,1,92
17,28,1
25,24,74
13,3,95
10,18,73
18,1,87
2,9,43
6,1,57
24,8,66
1,14,39
26,30,51
8,14,57
17,18,32
28,4,74
3,12,85
24,2,52
16,22,73
2,27,51
13,8,80
25,11,46
15,4,48
26,9,57
17,8,6
5,6,91
22,18,31
25,19,38
7,19,98
14,5,27
26,4,36
26,6,30
15,4,47
30,2,56
6,11,41
17,20,83
26,19,34
14,6,34
12,28,96
24,17,85
20,26,39
8,8,66
28,27,26
29,18,70
24,7,71
10,30,26
23,9,35
27,2,71
25,24,85
7,24,28
25,7,85
21,13,97
12,15,87
7,12,51
12,21,49
25,5,39
30,6,50
23,27,70
21,6,90
21,15,87
6,17,25
25,29,73
9,18,39
17,16,74
21,27,98
24,9,86
22,28,4
19,17,28
15,2,30
13,6,9
6,17,60
19,3,48
1,26,11
17,27,93
3,7,1
9,26,8
12,2,50
22,20,92
2,2,12
26,21,40
25,3,86
22,18,68
17,22,7
28,7,82
17,15,98
15,8,37
22,10,28
15,3,9
8,19,74
10,6,100
30,30,44
13,10,97
15,8,38
20,2,81
17,15,20
1,19,9
20,17,7
18,14,7
27,2,63
20,7,14
11,4,38
15,20,90
4,25,86
8,7,88
26,29,61
9,22,95
7,4,51
5,17,63
12,14,60
16,16,83
5,17,90
26,17,60
3,1,4
15,25,94
7,9,53
18,4,24
19,25,22
20,5,25
13,13,52
1,18,93
13,12,22
22,22,68
15,26,36
14,27,66
9,5,26
7,27,22
2,26,26
13,6,12
30,17,53
12,26,54
5,14,99
16,7,30
4,2,3
21,15,96
13,21,49
13,12,41
25,25,11
9,22,59
14,3,68
2,1,89
7,15,71
3,4,8
11,30,70
6,11,67
11,19,47
16,28,19
19,22,69
2,11,80
28,29,6
20,5,29
12,21,32
24,13,37
11,8,56
20,5,63
13,21,3
8,7,36
12,19,79
2,3,45
3,16,18
22,15,14
18,6,32
6,14,93
8,18,83
21,14,41
26,23,40
11,30,93
1,9,31
9,15,35
24,19,68
22,12,70
21,6,68
22,6,12
13,6,33
21,20,27
21,17,5
1,12,26
30,1,8
3,16,94
19,4,89
9,16,51
18,14,66
11,22,5
10,22,87
19,20,15
23,6,98
28,9,36
13,17,45
1,20,86
12,16,31
13,2,49
11,1,64
29,3,6
10,25,64
22,11,89
5,7,53
30,2,13
20,12,34
2,29,98
1,18,94
30,15,19
18,19,93
16,14,83
28,14,98
20,29,99
10,16,89
30,16,11
15,15,49
9,28,87
22,15,62
28,26,65
12,15,14
16,23,75
12,20,86
29,3,61
27,30,54
15,27,22
17,26,83
9,29,8
1,12,90
22,5,35
8,17,14
18,10,52
15,14,80
23,9,2
24,20,22
8,16,5
26,6,71
1,2,24
26,30,3
29,18,74
28,6,40
7,19,67
11,18,33
26,2,15
13,18,36
22,26,58
19,14,28
30,26,53
6,6,74
1,19,59
27,15,42
17,24,48
25,7,39
20,16,66
13,6,59
2,13,84
22,27,41
12,9,9
27,3,68
11,28,94
15,24,58
20,17,13
18,23,26
19,1,15
29,5,26
17,7,41
23,18,93
2,3,37
7,5,98
23,19,24
21,19,73
11,23,69
4,11,22
25,21,12
10,7,88
4,12,82
15,16,80
8,23,69
6,17,32
27,2,56
21,27,98
10,19,10
12,11,99
30,14,20
21,18,86
24,13,46
13,17,40
12,14,82
24,13,40
13,10,22
2,5,96
5,8,11
6,7,68
7,26,87
24,21,77
2,26,20
1,9,41
12,18,51
25,2,26
20,20,83
27,30,50
27,3,39
23,20,71
19,10,49
22,29,35
20,23,43
18,5,78
24,17,35
7,22,31
22,26,24
19,15,27
16,5,9
28,18,47
3,10,33
9,24,37
1,14,93
29,8,37
22,24,77
14,2,26
25,24,8
15,14,51
6,4,96
13,11,31
15,21,74
29,1,98
24,24,1
6,9,6
22,28,95
9,18,7
10,8,20
22,25,15
19,24,1
7,27,11
2,23,68
22,10,26
19,3,88
29,16,85
27,22,38
20,23,44
8,6,87
23,6,12
21,4,83
29,27,41
23,8,48
22,24,27
25,22,6
6,16,80
7,3,78
13,23,73
13,18,26
6,18,15
20,3,98
6,8,85
23,9,55
18,19,57
21,6,32
29,28,86
27,14,71
17,3,26
26,13,83
15,23,18
22,26,88
30,14,78
13,3,19
13,8,56
11,16,47
25,20,73
24,12,14
15,29,90
8,15,2
16,17,45
16,20,85
8,12,81
23,16,18
17,9,69
13,13,92
9,13,20
3,11,3
18,10,5
2,29,15
13,1,34
25,22,37
27,3,41
21,12,71
26,16,99
25,18,47
26,10,75
18,29,65
11,16,69
20,11,89
22,25,84
12,27,13
11,5,15
2,1,27
30,12,87
27,25,94
7,24,23
17,22,91
16,23,12
28,13,72
5,30,47
20,22,64
3,16,94
9,28,10
21,3,16
16,26,73
29,10,11
9,28,42
2,17,54
8,21,18
25,3,75
20,16,18
4,26,88
4,7,94
19,2,44
29,18,28
19,22,65
3,4,12
4,1,76
8,6,16
27,11,74
13,22,83
7,5,32
25,6,92
15,4,46
6,13,57
9,2,96
4,23,53
20,18,10
5,12,54
15,2,20
15,10,53
28,10,64
29,14,7
18,24,90
29,27,6
24,15,30
20,14,64
27,20,35
3,14,13
2,5,71
24,20,41
2,7,74
1,3,20
13,7,31
9,9,53
14,18,30
13,29,84
3,9,27
21,15,82
23,1,69
16,9,98
25,2,95
21,18,94
24,16,58
9,17,13
11,4,74
27,19,98
15,2,51
27,27,86
10,30,78
3,12,31
25,24,35
3,22,99
6,15,25
26,6,6
7,3,17
17,2,16
3,19,59
8,30,19
3,14,82
19,3,73
23,22,54
6,4,15
11,18,7
1,3,68
1,12,86
21,3,46
4,10,77
9,25,72
23,9,77
19,27,10
27,1,48
17,11,54
8,17,14
28,7,100
27,14,51
18,4,48
21,22,9
20,1,86
2,5,48
15,28,46
15,3,15
6,5,90
22,16,40
28,4,99
1,14,62
6,22,63
18,4,83
18,18,84
7,23,71
5,1,70
9,11,95
13,21,36
10,18,98
24,21,39
10,28,61
28,2,96
4,10,6
22,25,45
5,30,33
23,12,7
23,13,50
30,2,74
1,7,31
19,1,61
23,25,48
3,25,86
7,16,74
4,1,52
3,4,97
21,26,85
24,19,1
10,26,23
3,27,72
9,10,40
30,13,48
26,13,91
28,7,50
16,28,65
24,30,13
22,24,19
23,6,93
12,25,90
12,21,50
9,7,32
23,8,12
2,19,75
30,13,12
4,26,8
10,28,75
2,9,30
29,6,12
12,14,18
19,29,96
6,29,75
17,6,18
27,19,90
6,19,37
2,15,49
30,12,24
30,3,66
23,13,39
2,9,84
18,6,80
21,9,37
9,2,59
19,27,63
14,21,45
19,3,31
16,25,42
3,21,96
23,10,18
30,18,29
4,20,15
12,24,93
25,27,31
24,11,41
19,8,48
19,5,70
5,2,25
6,28,9
29,11,65
18,11,53
23,22,72
9,12,85
11,28,41
28,4,42
5,22,63
16,15,86
24,4,85
18,14,87
2,2,100
16,14,41
13,11,75
6,27,25
15,5,76
5,28,40
18,12,50
21,19,16
6,17,54
11,14,55
20,6,70
10,15,24
7,11,30
13,20,85
23,7,87
19,9,33
8,29,91
5,7,56
21,12,70
12,18,32
16,5,78
14,20,67
9,14,80
26,30,74
20,24,1
26,29,3
26,16,86
23,19,21
12,27,76
11,19,53
14,17,24
22,4,10
10,2,70
11,25,82
12,3,56
17,20,78
19,29,98
4,19,50
6,9,46
18,16,63
21,28,31
3,5,50
14,5,10
26,22,81
9,27,34
16,11,60
12,14,54
25,25,40
9,8,50
10,4,57
25,14,85
5,29,89
21,15,46
2,28,49
2,23,87
25,28,98
20,13,25
8,9,13
4,2,83
30,19,90
6,24,53
23,16,94
30,20,45
5,26,32
19,22,78
6,12,72
29,9,16
4,22,1
14,16,5
29,21,86
13,26,43
21,1,45
23,13,73
19,1,48
20,8,18
3,6,83
14,6,32
8,27,25
1,11,92
29,8,48
8,14,30
24,30,35
14,16,47
12,12,65
22,18,78
18,2,56
13,11,43
30,23,63
9,29,74
17,18,10
14,18,91
26,7,11
25,28,4
6,8,81
12,30,5
24,27,43
3,17,97
17,23,12
6,27,61
2,15,80
10,26,81
30,2,94
19,21,64
1,13,4
18,25,43
17,29,2
24,16,25
28,28,10
9,17,19
29,24,17
1,15,100
27,15,36
22,30,97
13,16,98
7,28,54
26,17,36
28,6,20
28,25,19
19,7,73
28,24,19
14,15,47
29,11,35
21,13,47
2,27,74
4,16,67
1,7,52
17,20,84
6,11,42
22,8,74
29,1,85
2,12,80
22,17,85
18,12,26
19,6,27
13,5,95
12,28,62
5,27,77
7,19,44
9,7,77
6,16,26
27,20,36
20,21,72
21,22,44
12,28,83
30,13,78
23,12,4
4,22,15
5,27,6
19,18,99
14,18,3
13,9,90
8,28,56
21,23,81
10,18,11
11,9,4
29,25,90
19,29,61
28,12,72
3,18,62
6,26,28
11,14,25
15,18,24
28,28,37
13,14,82
26,8,97
22,20,28
21,15,82
3,15,9
20,24,76
7,11,21
9,28,60
14,19,23
19,18,81
27,4,57
21,11,46
1,18,19
26,4,10
22,22,26
27,8,85
12,11,68
9,29,96
2,3,39
11,10,73
15,9,72
10,11,46
4,29,79
29,10,88
21,26,62
10,5,27
17,12,12
10,29,43
16,27,51
22,9,3
4,5,9
16,30,76
20,5,26
28,29,1
22,14,77
27,29,34
26,27,83
23,22,51
13,5,98
18,14,43
13,4,86
10,22,5
6,18,72
22,30,27
29,28,39
10,16,95
26,19,87
28,26,30
18,16,4
13,9,45
12,18,88
10,14,61
4,20,69
19,2,21
29,19,59
18,8,71
13,2,20
28,16,24
4,29,2
2,3,26
25,26,26
3,14,95
21,6,35
27,10,52
26,7,97
3,23,99
7,18,24
2,3,55
15,10,22
17,6,42
13,23,54
5,12,37
10,8,49
5,9,77
19,21,19
7,21,35
11,30,83
18,27,39
26,15,89
6,21,92
30,26,23
23,16,100
27,17,14
4,29,21
25,28,61
17,27,47
26,24,22
24,15,39
29,13,79
29,8,100
9,19,74
22,14,40
29,1,81
20,24,93
22,9,83
1,5,30
7,21,95
26,20,37
20,16,75
21,5,9
29,7,76
21,8,66
4,11,18
2,15,100
30,29,77
1,24,88
16,25,91
6,11,78
25,5,63
11,16,22
22,9,20
27,9,29
15,17,90
7,27,37
5,5,40
23,23,14
13,29,99
19,8,10
27,23,20
24,10,86
13,21,47
8,10,87
8,9,29
19,20,78
10,28,48
10,18,93
18,17,80
3,29,22
30,29,16
23,7,17
14,27,74
10,7,87
9,19,36
1,28,70
18,11,33
20,13,66
17,17,59
2,27,14
29,15,23
22,15,27
12,16,67
11,25,55
21,29,49
27,10,7
8,7,59
22,8,14
19,11,63
13,21,64
8,23,43
17,1,25
25,22,91
13,24,22
28,15,92
19,24,6
15,1,27
1,30,53
3,20,35
10,3,60
9,20,35
12,30,52
24,5,44
30,19,27
23,20,98
11,26,79
19,22,62
19,9,74
1,19,60
18,23,80
6,20,37
2,27,83
30,27,8
4,11,47
16,16,55
28,1,54
4,27,60
7,26,35
2,22,44
14,12,45
16,10,38
11,19,91
25,1,25
1,25,48
11,13,16
7,3,29
9,10,2
2,4,28
6,27,63
26,22,48
25,17,22
16,17,62
7,26,7
4,30,84
16,8,19
23,18,37
1,29,86
21,9,99
16,20,26
23,24,2
22,13,75
8,17,2
21,16,81
5,26,80
8,13,77
30,22,67
14,17,95
15,20,39
27,28,20
10,3,72
15,26,48
14,10,66
14,11,90
3,12,38
18,10,20
21,20,36
13,15,98
13,16,72
8,12,25
24,6,14
25,5,1
30,13,70
18,4,66
2,15,1
20,22,5
30,15,34
13,15,73
22,26,45
28,20,47
16,14,92
2,8,72
15,29,79
8,30,33
13,28,100
5,27,82
24,25,72
17,22,56
17,16,5
24,5,64
27,25,67
20,22,10
8,12,20
12,18,98
6,15,27
29,5,42
7,6,83
29,13,78
12,15,84
23,12,83
9,21,58
29,1,30
3,3,74
5,2,67
25,30,86
30,6,93
16,17,19
30,24,53
15,8,21
16,5,30
15,26,27
28,2,85
8,18,62
22,29,52
8,30,36
26,29,42
24,24,54
8,28,88
11,30,15
8,14,37
13,2,13
3,11,8
30,7,61
3,17,97
17,4,21
15,15,80
26,10,2
28,9,83
4,12,92
28,29,19
9,29,88
3,21,3
22,22,9
27,11,47
25,3,42
26,11,51
11,27,61
12,26,76
29,8,95
1,10,54
11,24,50
30,22,3
24,22,17
29,25,39
15,25,8
30,12,58
25,6,70
17,3,92
6,30,55
29,26,42
30,6,86
8,13,45
29,4,69
12,22,20
10,18,85
26,17,26
28,23,36
11,18,1
19,26,19
24,30,33
21,12,98
28,16,5
14,7,17
27,18,39
17,23,87
2,13,93
7,7,38
22,8,81
12,18,87
30,16,24
14,4,41
21,15,33
1,5,33
23,12,62
27,23,1
1,5,46
22,7,60
13,2,90
12,19,84
29,8,52
27,21,76
11,6,6
22,2,44
11,6,8
18,24,43
4,10,97
7,7,71
27,19,60
29,20,33
18,17,61
13,6,20
3,11,11
4,18,25
25,26,73
15,24,6
6,25,87
6,28,1
9,21,13
12,5,28
7,21,78
4,9,52
29,4,87
10,14,74
24,2,57
21,20,62
10,9,68
14,22,18
17,27,41
10,20,8
28,21,20
27,28,82
2,12,45
25,29,97
2,30,3
6,26,73
1,10,77
14,22,40
30,4,9
26,16,88
26,12,44
18,23,92
26,9,84
25,2,7
16,20,37
6,21,28
4,4,35
12,21,63
27,17,22
4,3,75
23,17,37
16,30,42
27,18,65
15,30,36
14,6,91
14,15,81
1,29,15
28,25,5
23,2,74
13,2,61
25,1,25
27,6,1
14,19,33
21,17,72
30,16,37
19,7,78
15,19,77
6,9,6
3,19,45
4,17,52
26,23,2
18,6,40
30,16,6
17,8,4
11,6,82
9,25,31
17,19,29
26,16,21
4,5,76
28,11,96
4,30,72
1,7,5
13,18,59
27,25,23
7,24,100
11,14,14
16,12,34
21,20,19
28,18,6
1,14,77
23,12,22
21,6,41
1,23,34
19,15,87
24,13,79
30,4,35
16,3,80
16,27,91
28,5,64
30,23,66
6,17,32
30,17,71
29,7,63
18,17,1
21,1,21
5,25,75
30,11,27
9,27,65
6,13,68
22,5,82
13,27,18
27,22,54
2,22,83
16,20,34
4,23,25
5,27,36
14,15,32
10,18,59
30,12,90
14,10,46
22,3,83
18,27,3
24,12,78
5,22,90
5,16,99
8,28,38
10,8,23
18,20,82
16,4,43
29,28,83
22,18,92
25,21,25
8,19,88
9,10,49
18,9,15
1,12,49
7,16,82
13,20,83
3,21,47
22,12,100
5,10,73
4,5,80
25,17,94
21,9,52
9,21,9
26,3,20
21,12,41
24,21,96
14,29,51
28,16,3
23,30,38
12,19,92
24,10,77
16,6,56
27,23,33
21,13,61
15,18,52
15,3,89
27,30,34
26,28,65
10,12,74
22,20,83
9,4,9
7,19,12
14,2,4
14,5,97
20,8,28
19,6,99
22,1,28
21,29,89
26,26,62
2,7,12
30,28,90
15,2,83
30,20,81
17,21,75
9,12,58
14,7,93
11,3,69
19,26,43
22,9,73
4,5,74
2,2,65
14,22,57
8,25,37
29,14,81
21,5,66
19,23,88
1,1,91
26,12,5
10,20,54
18,4,73
30,6,4
19,2,31
10,30,60
10,16,6
6,21,94
24,12,61
17,6,9
30,4,68
8,2,16
19,6,97
19,27,80
27,7,69
21,28,31
23,30,51
10,28,21
13,1,46
12,22,19
18,20,66
12,17,63
19,23,34
24,16,17
7,3,60
29,16,33
24,6,75
10,8,95
14,23,73
4,6,51
30,21,1
1,30,45
29,7,78
26,13,69
10,2,61
20,17,14
18,3,75
20,22,39
12,27,75
4,17,11
9,3,39
5,23,6
22,17,10
7,18,85
29,26,22
5,22,38
18,14,88
16,28,77
10,7,7
6,24,72
20,18,89
19,21,99
18,6,63
3,6,66
10,6,44
30,14,32
16,16,44
1,27,45
22,10,52
21,25,62
6,28,71
21,22,83
12,19,8
9,18,9
13,29,28
13,19,2
17,21,57
29,26,67
19,28,79
13,20,71
22,25,39
22,6,34
3,4,63
14,18,7
23,11,15
13,27,56
23,11,26
29,2,22
23,16,72
2,16,40
16,21,1
11,23,61
6,5,68
16,27,51
3,13,15
18,6,46
12,12,37
18,17,34
27,10,39
14,4,9
11,2,31
28,20,35
24,4,22
6,23,82
9,18,40
26,29,44
19,11,67
15,25,52
2,29,58
29,12,8
2,14,15
8,21,37
25,21,39
12,24,47
26,25,27
20,22,44
12,29,43
25,3,33
6,30,47
28,10,18
22,16,45
1,1,27
26,20,11
26,25,56
17,19,80
12,22,11
6,27,4
29,3,27
25,24,97
14,2,2
22,29,18
2,23,9
17,28,89
11,19,25
14,5,23
2,16,56
14,27,81
14,25,45
23,22,75
10,20,25
1,19,30
17,10,64
30,23,2
21,14,3
7,17,66
18,11,64
28,24,18
6,18,85
12,19,25
29,5,99
13,30,2
7,24,28
30,28,52
30,8,18
6,24,46
11,27,100
12,5,28
11,15,98
18,23,84
27,14,93
6,1,93
12,13,84
30,1,14
18,13,1
24,20,41
25,9,57
22,20,46
9,10,41
11,21,67
29,17,34
26,9,51
14,14,36
6,10,44
5,23,12
24,14,1
17,27,35
18,26,1
2,16,31
25,13,51
14,1,42
10,22,25
8,6,22
12,26,19
20,9,18
27,27,56
24,15,19
5,13,6
29,30,11
15,24,48
14,3,13
29,23,60
25,4,16
22,6,80
30,18,26
20,25,58
23,21,17
19,28,39
26,1,42
28,2,7
26,5,29
6,21,91
19,19,71
18,30,64
12,15,69
21,21,37
20,26,12
5,25,88
16,23,48
20,8,42
14,16,24
16,3,35
21,1,99
14,28,47
27,13,55
3,17,37
5,12,38
10,18,73
13,30,71
12,8,86
9,2,12
11,12,49
9,24,3
12,19,12
27,21,60
29,16,2
27,29,5
1,5,41
23,15,62
2,13,36
26,11,37
8,14,1
28,8,100
26,15,60
24,17,13
12,16,42
2,14,52
28,1,87
28,7,35
23,10,15
9,25,49
8,20,75
3,29,88
18,20,10
22,16,48
8,20,32
22,9,62
3,13,42
17,29,34
5,10,8
1,7,49
12,17,79
10,7,35
2,2,74
6,20,5
18,24,96
19,20,45
3,24,88
11,19,31
17,18,14
10,24,14
9,13,90
11,17,82
30,29,38
4,12,94
17,4,38
8,17,16
23,17,37
17,12,89
8,4,73
5,22,73
13,20,13
5,19,76
27,20,40
3,7,35
10,16,8
28,13,58
5,17,19
13,9,91
21,21,96
6,29,41
14,4,16
27,28,87
3,17,38
9,10,20
16,9,71
15,27,31
29,18,15
18,12,16
18,19,53
10,29,80
6,1,58
5,8,94
1,15,95
23,12,100
5,9,100
23,25,76
18,11,41
5,24,99
5,11,69
13,18,88
2,11,76
7,19,32
3,6,24
7,9,16
3,29,27
24,11,4
26,17,24
8,5,31
13,21,56
29,4,4
23,26,72
5,9,51
30,21,73
2,22,93
25,27,9
12,16,44
8,12,25
18,24,76
17,23,86
14,21,43
17,12,65
18,25,28
10,28,49
12,16,63
21,1,83
26,26,27
2,25,52
19,16,32
5,11,74
16,29,83
29,2,13
30,21,97
20,20,82
5,29,66
22,17,34
28,30,17
24,2,50
18,17,3
10,7,80
15,6,16
12,23,24
27,3,84
22,16,90
23,7,11
11,22,8
14,2,68
28,21,1
20,30,93
28,22,55
26,1,20
27,23,34
20,10,83
8,21,13
11,1,46
9,23,23
16,17,19
21,17,85
27,11,21
18,7,34
11,29,72
30,1,57
15,15,55
28,22,10
19,23,9
18,26,13
7,23,11
17,10,8
1,12,51
30,10,73
3,7,6
29,4,94
22,11,70
15,23,41
17,21,89
15,22,14
15,1,63
14,25,4
12,18,48
28,19,17
13,20,64
21,14,17
11,10,60
2,19,60
23,19,89
21,21,4
21,11,74
19,25,12
4,1,40
13,11,5
18,5,79
3,13,65
27,23,66
30,28,64
3,13,100
30,15,60
17,8,86
20,17,29
8,1,20
26,15,90
3,5,78
16,12,46
7,1,18
22,30,79
12,19,51
18,24,30
16,6,63
3,30,51
8,10,70
5,23,97
22,20,68
17,28,91
7,10,89
15,19,72
8,24,4
5,27,83
18,15,99
17,5,34
24,16,85
25,29,7
25,9,72
15,1,15
14,25,92
17,19,11
25,7,40
11,11,61
16,14,2
2,21,95
10,13,1
3,4,21
27,29,60
22,4,99
16,19,86
28,2,43
2,2,10
20,13,7
15,28,97
30,24,48
10,16,35
14,20,55
8,21,20
16,25,7
2,3,93
22,5,81
13,10,77
12,25,82
29,5,11
18,25,62
26,1,47
25,6,84
1,26,15
6,3,65
18,2,41
6,16,28
10,2,90
29,7,46
28,7,76
13,23,27
19,27,8
19,1,3
30,23,99
4,18,89
18,22,84
15,8,5
23,9,83
6,1,51
19,29,52
23,21,13
24,11,51
11,6,89
11,13,45
30,24,24
14,9,26
4,20,11
24,23,90
6,4,76
8,27,78
23,5,14
19,28,90
17,16,36
16,13,52
29,5,53
1,23,67
1,18,34
22,8,42
12,25,87
18,28,57
24,7,91
29,22,48
25,3,99
16,15,34
3,23,3
16,30,98
15,23,33
25,10,56
4,19,82
11,23,5
23,8,19
28,24,80
7,29,95
5,27,97
27,9,84
27,14,16
22,14,35
14,25,54
1,29,68
16,12,56
28,14,92
29,23,14
6,26,69
18,24,65
26,14,86
29,22,61
17,18,97
8,28,78
14,24,26
24,22,78
25,25,8
6,3,90
19,9,46
25,5,87
5,29,95
12,17,30
19,26,77
20,17,60
4,22,57
2,25,23
22,19,87
5,6,8
13,26,6
23,19,27
20,5,11
26,20,58
13,22,2
18,26,89
11,1,8
13,15,65
13,23,63
28,17,22
30,27,73
27,22,83
29,7,89
27,24,6
11,23,44
23,4,44
16,6,89
11,24,11
6,27,77
16,21,95
16,12,12
8,9,73
25,6,51
13,16,48
7,4,94
1,19,5
5,21,31
21,15,51
13,21,70
1,5,86
3,22,20
18,29,8
23,6,32
13,30,29
7,1,46
10,1,100
13,20,77
30,21,20
16,9,74
11,17,11
11,27,95
4,22,17
9,11,90
22,26,55
18,11,13
2,30,72
16,13,46
27,8,28
16,11,55
24,1,3
25,23,90
25,1,12
7,7,86
30,19,33
14,10,97
25,3,45
2,5,53
20,5,74
22,28,2
8,16,13
1,7,48
14,3,88
22,10,61
19,9,46
9,7,66
8,4,17
12,1,16
30,28,30
5,27,20
9,3,12
21,19,47
7,12,65
17,16,84
17,26,69
11,4,12
12,10,9
18,13,53
4,10,65
27,10,44
19,5,97
9,8,10
29,7,18
22,18,58
10,2,21
19,5,54
11,24,51
8,14,50
7,15,45
13,21,22
27,18,46
17,7,21
10,17,29
9,12,37
19,24,58
28,13,29
19,12,48
17,22,30
26,24,56
13,11,29
14,10,24
8,28,4
2,18,17
26,28,13
22,9,57
13,19,38
3,29,37
15,26,68
8,8,96
28,14,26
21,14,6
18,1,33
19,1,27
15,7,19
2,16,87
2,30,5
26,9,54
22,15,81
29,5,18
20,11,52
7,17,8
18,5,100
7,6,32
22,1,82
12,10,19
4,25,55
1,30,7
23,13,98
14,18,36
22,2,3
29,6,77
18,2,88
29,14,38
7,21,11
21,23,40
5,22,73
30,12,45
4,2,86
5,19,82
24,11,79
12,10,78
18,24,83
10,15,94
25,3,54
6,7,50
17,29,36
18,14,6
7,29,15
28,11,87
12,22,61
2,1,15
13,7,28
2,22,54
1,4,75
30,9,6
12,5,71
3,20,46
7,9,53
12,9,28
14,27,42
9,7,88
4,4,46
28,24,41
2,1,26
23,26,100
6,13,24
9,26,97
8,23,71
15,12,39
4,26,39
22,25,95
10,18,32
1,16,86
30,30,45
25,28,82
17,20,59
21,24,54
18,21,32
29,17,4
8,19,36
7,3,100
16,10,33
2,23,97
25,26,77
22,5,55
27,27,88
14,10,44
11,21,5
2,10,84
23,17,24
16,19,65
10,5,22
28,3,38
2,22,77
19,30,11
5,12,4
17,27,43
9,28,27
3,27,87
13,17,98
12,8,13
6,2,97
20,13,33
26,9,6
12,5,28
24,2,2
23,20,69
1,17,12
26,20,87
16,2,35
12,13,77
3,15,8
14,27,82
8,26,98
15,6,73
23,23,13
21,10,79
28,14,30
29,5,19
6,22,28
17,6,8
21,24,23
5,23,5
5,11,6
14,12,13
10,17,95
5,5,48
23,24,7
23,3,77
12,15,45
19,25,95
8,10,88
23,14,90
24,25,49
7,9,19
22,21,8
26,16,20
3,1,16
25,5,72
10,20,21
25,6,21
5,13,90
27,16,16
21,5,98
20,22,95
5,14,98
15,23,35
30,19,58
23,1,47
14,14,81
17,11,3
22,8,76
3,21,70
8,19,82
27,5,25
27,3,41
25,1,60
22,26,24
18,29,44
4,25,90
26,15,83
25,3,37
21,11,84
29,29,19
11,3,57
4,18,66
18,6,42
17,13,43
16,22,82
2,1,51
8,22,86
14,25,5
25,13,17
3,18,28
29,4,14
7,20,71
6,3,8
19,19,44
26,9,54
30,18,81
9,3,73
21,15,10
27,24,35
25,29,85
19,22,30
29,11,65
6,23,12
13,15,21
22,1,89
21,30,73
17,14,58
29,29,60
21,20,54
19,30,63
18,29,3
16,18,84
21,13,56
11,28,8
28,16,22
8,19,39
14,19,78
24,13,5
29,25,60
11,6,62
4,23,25
9,8,1
16,19,30
29,21,87
16,22,66
12,27,48
16,22,50
13,27,94
29,11,26
26,6,100
20,14,16
30,11,82
30,15,21
30,18,41
28,28,3
22,13,80
30,19,95
23,2,37
29,7,15
3,16,24
14,12,84
19,29,56
17,15,11
30,27,51
12,5,86
21,12,87
1,1,46
23,21,56
25,21,13
8,8,52
2,6,90
28,19,34
9,25,90
13,3,82
12,7,89
22,23,98
17,30,51
23,17,95
9,2,96
18,10,57
10,21,3
29,17,91
4,20,85
4,18,56
17,25,81
17,21,49
12,3,53
1,9,35
23,19,66
18,17,64
26,18,2
8,30,83
24,14,46
25,20,18
8,18,89
28,23,100
3,26,3
13,14,36
10,6,98
25,17,82
25,19,93
11,18,63
6,22,51
12,24,42
23,3,45
25,17,62
2,12,11
11,15,19
22,13,57
30,26,72
11,20,44
28,13,38
22,2,54
4,23,75
16,12,75
23,14,91
25,29,59
16,27,98
26,4,31
18,15,78
6,12,82
11,8,55
14,16,12
21,7,33
9,13,85
29,24,88
28,20,97
21,28,22
25,2,55
1,9,7
25,17,32
7,19,96
11,22,39
2,16,83
21,27,40
14,26,86
15,10,12
26,11,17
15,15,51
14,15,60
10,16,82
17,15,68
17,24,62
18,16,84
16,5,89
8,29,65
2,11,54
28,5,35
1,23,44
16,7,98
5,11,88
23,13,80
17,8,79
30,17,65
4,10,28
13,29,30
24,11,88
1,5,39
21,15,10
27,9,55
27,14,46
21,2,38
22,9,61
7,4,44
15,6,76
26,30,23
23,9,96
20,13,41
2,1,9
11,26,48
17,3,30
22,28,91
4,26,32
27,9,9
1,22,32
11,13,89
15,30,6
24,9,92
22,25,53
30,8,28
3,4,30
28,10,63
14,25,57
6,16,59
7,8,49
19,17,2
16,15,39
14,19,26
9,29,78
20,18,17
25,13,21
30,11,13
6,11,4
4,8,55
17,20,4
8,6,96
6,30,2
22,17,67
14,18,80
3,28,96
17,8,39
4,22,70
29,3,35
26,25,45
3,15,54
30,28,57
21,5,25
5,14,87
12,12,99
24,30,41
24,20,72
23,5,37
26,28,54
10,11,13
29,12,22
22,20,73
18,15,76
9,3,58
23,21,32
23,27,68
21,10,25
3,8,1
30,21,69
7,30,89
6,23,81
30,14,69
10,30,38
12,9,17
7,5,90
26,3,99
24,17,31
18,18,20
7,20,97
21,3,87
1,9,51
10,14,50
28,3,68
6,9,48
21,27,51
4,29,31
26,20,79
12,2,51
16,9,9
22,21,60
26,6,25
16,3,98
12,8,14
25,25,63
19,23,37
27,4,82
25,10,56
2,6,65
13,8,36
6,20,44
22,13,47
3,29,87
4,18,22
5,3,44
1,22,82
4,18,70
22,27,89
14,21,76
25,3,6
9,9,87
2,17,5
18,26,91
9,15,61
28,26,62
29,25,69
6,29,12
29,7,11
17,8,76
2,28,86
3,7,78
20,4,25
15,19,55
12,11,30
10,18,80
15,23,14
13,27,45
27,11,26
7,27,42
19,4,95
22,25,85
8,6,59
19,3,64
13,7,90
5,14,22
27,30,25
8,26,65
6,30,10
19,19,77
8,19,18
19,4,25
25,28,77
13,23,21
11,30,6
1,25,91
17,28,82
1,15,96
7,6,59
10,7,59
28,23,16
19,8,32
9,11,47
23,16,34
9,15,83
29,7,75
12,15,88
21,23,82
30,30,49
26,26,15
8,3,36
25,1,88
25,14,32
24,4,92
9,15,18
14,7,88
13,19,87
7,8,56
26,26,15
19,24,71
12,3,2
21,18,88
19,12,72
17,21,39
12,28,63
20,5,92
24,26,100
20,13,50
19,19,61
6,7,97
23,19,81
13,23,28
29,7,62
14,29,77
11,28,84
26,19,84
11,30,44
29,1,36
15,26,37
21,17,5
28,8,68
5,26,44
27,4,44
21,19,30
19,5,16
20,7,14
13,5,73
30,21,5
13,3,41
29,1,27
2,6,41
18,22,51
3,13,4
3,29,80
26,20,89
24,1,48
16,15,68
24,28,42
27,29,47
9,12,53
3,19,83
26,9,41
22,15,51
11,27,100
10,18,95
3,25,76
5,3,72
27,8,43
29,28,35
7,18,45
24,21,80
22,15,12
29,21,62
22,13,54
2,25,88
25,14,91
16,2,26
9,15,35
27,12,28
11,9,49
13,24,5
17,17,52
16,14,73
20,6,47
26,30,21
5,13,97
19,18,8
21,18,59
4,20,77
4,18,65
11,2,27
22,12,35
1,16,24
6,1,92
9,24,61
18,25,54
28,20,73
21,20,33
19,4,47
18,27,83
20,10,46
8,5,7
17,10,29
1,22,39
21,15,8
17,8,71
18,4,98
19,1,87
4,1,75
18,21,6
1,17,63
1,20,83
20,25,47
27,2,27
27,1,77
5,9,93
2,25,64
10,24,71
23,28,49
10,3,5
28,18,58
2,18,27
5,2,16
7,20,84
23,16,31
28,28,50
15,6,40
29,29,10
23,9,4
26,12,32
27,20,65
27,13,29
14,30,37
8,12,23
1,13,40
7,11,95
10,22,34
22,17,4
13,10,20
5,8,15
14,1,75
25,25,4
4,5,94
9,20,11
23,19,14
9,26,55
19,5,4
8,22,5
5,6,6
21,30,66
5,7,68
28,12,96
4,9,27
10,12,9
5,23,42
16,17,44
27,25,49
2,4,71
13,26,94
28,8,53
7,22,81
27,3,68
14,8,43
29,6,20
15,12,97
12,16,51
18,8,73
16,7,55
6,17,11
18,10,72
22,20,36
7,8,30
30,20,69
24,14,65
29,27,13
10,24,74
26,30,43
23,19,90
29,3,65
17,16,49
9,3,22
9,20,5
16,30,97
25,29,75
28,11,82
8,8,2
3,6,93
9,1,12
2,1,53
29,28,38
8,15,68
14,8,9
18,25,11
21,15,15
11,11,87
8,9,56
15,7,82
5,21,79
5,26,96
30,17,31
1,24,96
8,1,5
10,6,41
25,26,69
7,26,33
10,8,25
29,9,21
6,11,79
19,2,45
11,7,94
15,4,62
4,30,19
1,5,14
8,20,41
27,11,40
21,5,90
10,14,6
29,12,76
26,6,14
10,6,67
24,8,20
28,20,68
29,2,82
9,8,73
2,8,84
18,21,59
8,17,58
9,6,86
12,23,47
1,5,93
24,30,85
16,2,3
13,15,96
13,6,13
24,9,59
7,17,22
11,26,44
16,3,43
1,21,56
15,15,38
1,2,85
29,5,8
13,2,86
14,17,91
12,28,86
14,12,90
4,15,77
9,27,57
24,27,93
8,18,13
10,11,7
22,7,13
9,10,25
11,12,69
12,25,65
25,20,38
27,10,1
27,19,29
23,6,12
2,18,45
29,26,77
11,10,35
14,16,24
28,20,28
26,13,32
7,17,50
11,9,5
18,10,71
28,12,10
3,27,9
30,7,100
29,11,68
11,4,43
30,21,16
28,10,21
21,6,23
2,30,11
7,24,60
18,8,96
9,29,65
2,26,91
3,10,38
28,20,97
20,28,71
3,10,41
29,8,45
2,4,15
7,8,42
2,13,52
15,13,65
15,22,26
15,4,21
10,13,27
28,8,47
20,26,1
16,4,57
22,19,39
22,12,46
22,15,85
13,2,79
4,26,34
20,24,73
5,29,7
20,7,51
29,12,46
19,27,18
19,1,39
22,7,69
18,30,89
3,30,87
17,29,90
11,17,70
21,17,62
12,12,87
23,21,37
7,30,48
28,7,8
5,10,91
24,11,10
11,24,52
25,8,41
14,16,55
14,21,70
1,3,58
17,18,14
28,3,95
2,14,17
10,25,82
2,3,38
5,29,78
8,8,58
20,26,31
9,28,25
15,8,16
8,13,39
30,6,46
28,21,70
11,17,86
2,28,4
27,21,96
18,9,87
16,29,2
10,1,25
4,14,30
11,11,79
29,2,12
26,3,97
3,28,40
19,27,97
29,1,37
7,24,28
11,4,76
5,22,15
2,12,62
27,7,34
26,10,53
1,15,90
30,27,76
12,21,74
17,20,100
20,9,96
5,2,65
3,12,12
13,24,66
12,5,18
26,14,10
28,9,98
3,28,74
8,12,44
20,23,7
29,27,4
24,19,25
28,1,74
13,16,34
3,11,78
29,7,11
12,13,5
23,27,4
22,23,79
8,3,96
25,22,44
6,18,69
10,23,95
30,15,23
13,2,79
30,7,95
13,22,37
10,30,17
4,27,2
3,19,45
3,27,17
30,12,74
3,4,31
8,30,77
28,6,24
25,9,72
6,22,18
10,2,22
17,3,94
7,26,33
19,17,8
20,9,14
3,18,83
14,28,99
22,14,13
25,1,3
21,27,66
1,2,76
30,5,45
12,11,69
24,11,2
17,10,47
22,15,87
26,25,36
27,11,6
27,26,72
1,30,81
9,5,42
21,16,50
2,24,55
8,20,98
29,9,24
9,24,35
3,16,4
24,18,8
7,15,56
2,22,60
16,25,30
9,21,61
8,29,86
23,11,46
30,3,50
1,22,53
20,1,15
24,22,45
15,1,46
26,6,69
21,1,25
15,27,75
10,18,30
1,27,94
28,17,57
13,20,45
2,20,49
15,4,27
6,7,82
29,7,1
3,10,39
11,21,20
30,29,35
22,13,7
11,18,54
15,16,96
13,12,23
7,25,18
24,23,63
7,23,41
11,13,91
2,5,77
24,2,35
6,26,14
8,30,56
29,14,41
26,28,62
20,13,52
25,23,66
21,16,82
3,7,46
30,13,73
3,10,12
9,29,39
12,13,75
29,21,54
18,2,29
23,4,46
7,10,42
8,9,31
23,16,47
30,16,87
24,17,77
11,12,8
21,17,82
17,12,95
12,21,54
30,24,37
7,23,87
30,15,36
15,23,90
4,17,30
9,2,82
27,4,91
1,7,71
29,9,9
9,7,21
6,1,81
26,18,3
16,26,28
9,12,30
1,1,79
23,3,68
30,13,22
20,10,67
15,17,61
25,5,26
12,3,13
7,4,57
7,20,32
9,16,19
7,19,1
25,2,62
7,6,54
8,30,41
13,23,11
8,22,6
3,22,58
25,18,51
13,19,72
4,10,16
13,24,96
25,9,61
8,1,86
11,8,9
8,26,43
4,29,74
12,13,15
10,8,93
2,15,69
21,11,84
25,8,50
11,6,53
25,29,74
15,3,99
17,22,8
6,9,28
18,5,52
9,22,88
10,3,44
27,27,92
3,23,87
8,25,27
10,2,65
3,9,92
16,10,25
15,14,55
16,28,38
21,4,41
24,30,67
30,14,58
6,3,6
11,15,78
1,18,45
6,5,93
17,24,38
9,9,59
16,17,59
22,12,69
9,17,28
3,13,84
27,8,53
11,8,46
20,2,6
6,10,57
22,30,69
29,26,47
1,7,26
22,19,53
20,26,98
3,11,47
20,1,67
9,20,32
9,5,19
7,10,67
23,4,56
26,25,57
20,2,100
27,16,16
2,8,20
10,16,29
27,24,48
19,30,10
22,16,54
8,29,96
1,30,9
12,18,65
10,4,30
2,9,69
16,9,97
7,6,63
8,27,80
13,18,61
24,4,53
8,13,3
27,22,63
13,13,75
19,16,82
2,16,5
19,25,69
19,20,67
16,5,26
5,26,54
18,1,49
23,23,15
12,29,28
30,8,90
22,28,6
4,20,45
6,13,87
28,5,86
22,5,30
9,29,27
23,2,21
6,15,59
5,5,54
6,17,92
2,14,15
8,2,33
9,11,21
13,3,20
16,20,63
13,8,89
12,19,97
19,28,25
7,26,29
9,19,70
27,4,73
30,9,51
17,5,63
7,6,88
24,7,28
21,2,22
13,15,68
21,12,61
9,13,7
12,23,94
29,6,2
17,26,36
21,15,74
3,29,100
17,18,35
28,19,36
22,19,31
2,11,35
17,15,92
4,8,14
7,4,50
1,11,16
15,2,67
25,11,85
1,13,19
21,1,34
7,28,63
14,4,93
7,13,78
25,28,36
3,25,18
4,20,67
27,11,38
21,20,9
3,21,46
10,10,60
29,9,60
29,28,97
10,20,32
25,29,29
2,23,76
17,10,33
8,24,89
27,7,65
5,5,88
19,4,30
28,19,30
1,21,35
3,15,29
29,2,32
16,24,26
5,1,66
2,1,47
16,6,9
20,4,45
13,9,82
30,3,17
12,29,79
1,3,19
23,1,14
12,13,49
22,4,82
16,26,58
3,17,51
5,25,71
9,11,16
5,18,93
21,27,10
15,19,88
23,4,34
18,29,66
28,16,85
23,24,37
28,9,72
13,12,25
16,8,22
16,4,10
19,26,2
5,19,1
19,23,57
21,8,12
26,17,75
21,24,79
19,29,63
20,22,85
2,10,79
30,19,97
22,27,51
16,3,55
15,15,5
18,24,17
13,20,5
16,14,34
7,25,79
28,11,2
23,25,13
15,10,39
19,23,53
4,4,55
28,24,77
6,24,1
22,10,67
26,30,26
20,22,57
14,17,22
22,16,30
13,7,75
17,15,38
25,28,98
3,6,49
23,12,20
1,10,81
19,1,89
7,26,1
29,8,99
6,12,38
14,30,35
7,13,57
21,27,19
23,19,25
11,25,20
2,1,2
11,24,28
29,20,8
5,13,94
18,29,39
6,8,71
8,6,49
22,13,87
2,10,8
26,5,40
17,19,53
6,27,87
7,20,29
19,5,40
17,14,82
10,2,42
6,5,40
24,23,21
24,19,65
25,7,76
23,22,95
22,5,96
30,20,19
7,11,80
12,22,20
23,24,23
5,30,42
27,20,34
16,23,73
21,1,75
6,18,7
20,6,85
27,13,76
21,10,84
16,4,18
23,4,21
3,4,1
27,19,31
2,21,92
17,20,78
6,29,53
29,24,47
11,27,19
9,29,65
30,16,44
20,6,12
30,15,95
4,15,61
19,2,79
3,3,40
15,18,44
23,30,69
22,24,28
1,1,79
25,26,88
26,27,56
29,1,24
27,24,77
14,12,15
15,17,17
18,22,49
16,28,74
15,13,1
3,11,1
14,3,73
22,14,73
11,9,51
26,19,34
3,2,98
19,18,52
14,14,8
28,1,58
10,10,100
3,30,34
11,18,38
20,13,19
8,4,99
19,22,86
28,26,68
18,23,24
17,28,96
15,13,65
19,17,98
10,18,32
9,9,95
24,24,63
2,11,43
6,6,2
19,16,51
4,29,15
23,13,50
21,2,53
15,4,2
6,15,94
24,10,47
9,28,73
24,27,53
3,17,39
13,6,76
6,5,26
27,20,26
30,3,44
14,30,4
24,7,19
2,11,41
6,4,48
1,13,30
1,12,3
24,18,44
11,25,15
7,30,81
9,26,91
20,25,62
7,2,54
30,10,3
26,15,54
18,30,6
10,21,10
26,12,73
18,29,21
23,1,80
28,22,11
28,27,57
23,8,78
30,27,80
22,6,24
6,13,94
11,23,85
13,23,54
10,29,86
23,7,11
25,24,48
14,18,77
25,6,97
15,17,21
25,24,7
17,22,79
13,22,94
25,16,67
20,1,30
12,5,21
7,29,53
17,17,11
5,26,37
17,14,52
18,7,89
22,12,60
4,7,23
9,27,31
28,17,30
1,16,68
6,1,62
19,18,70
23,11,67
7,28,71
5,10,87
14,25,54
15,1,61
10,29,53
17,27,4
23,12,26
24,5,74
26,7,67
29,14,89
12,23,67
4,15,33
17,8,69
23,25,75
22,27,95
4,2,30
20,20,42
1,15,19
29,21,67
14,3,70
13,10,9
16,20,87
7,23,53
7,22,40
16,30,52
11,13,22
19,23,71
2,6,34
5,13,62
20,26,93
8,10,58
4,20,5
5,17,41
27,5,80
29,13,62
4,26,7
2,15,8
9,28,10
21,4,63
13,2,19
8,16,1
15,26,1
15,13,11
2,6,90
16,8,63
16,26,2
17,2,49
15,29,45
16,12,98
20,7,15
9,13,50
9,30,4
1,28,60
4,18,16
18,27,66
17,22,5
10,24,15
5,13,72
17,2,86
3,17,10
21,30,51
4,14,29
21,23,60
14,22,39
3,10,73
15,28,23
22,13,66
21,27,72
20,29,16
11,2,72
28,21,3
4,6,97
11,20,63
3,22,67
1,1,50
8,2,7
25,24,88
12,27,9
25,22,45
18,8,15
29,27,68
17,27,33
29,25,30
25,12,69
9,14,87
9,8,45
1,8,35
12,17,35
22,11,41
9,23,56
28,4,32
5,15,17
9,24,5
8,7,98
8,16,35
13,29,76
10,18,90
29,9,9
3,11,91
5,4,38
14,5,32
27,11,2
12,23,31
8,10,5
26,30,20
13,27,72
14,15,20
17,16,32
10,13,62
1,5,35
16,1,98
22,11,72
12,18,67
1,11,19
2,26,62
7,6,51
18,7,14
1,5,82
29,26,84
15,30,42
25,15,39
25,20,59
15,5,56
3,16,29
17,4,62
8,10,49
26,21,57
8,29,76
6,15,4
4,18,37
7,23,25
23,5,67
5,16,84
15,14,63
14,24,74
13,24,33
13,1,57
13,25,31
30,17,85
8,29,21
27,17,44
23,20,34
3,22,38
26,29,77
27,11,35
24,7,17
28,14,32
1,21,80
26,22,37
28,27,10
26,18,81
24,12,26
1,29,40
17,14,93
12,15,7
19,18,17
3,28,66
16,13,78
27,13,72
1,22,27
5,13,80
28,12,32
7,27,48
18,6,22
25,24,1
1,12,100
17,6,74
23,23,27
6,9,49
17,10,24
7,21,5
17,11,2
17,11,27
30,2,42
17,26,35
5,1,8
24,29,28
5,16,73
10,5,82
20,3,59
27,4,21
9,3,2
9,27,69
17,11,79
1,7,61
25,9,9
1,12,57
28,10,33
20,30,91
9,4,60
12,30,9
13,7,5
8,18,33
6,25,21
17,25,36
9,29,74
26,14,18
28,17,41
19,15,13
19,18,57
8,2,88
15,23,69
1,27,31
19,28,15
13,3,73
11,2,12
28,3,38
16,9,39
26,26,59
7,12,92
19,20,89
19,2,96
2,10,1
28,27,9
15,1,73
23,28,17
23,26,69
21,20,83
11,14,6
5,7,1
3,2,23
29,16,24
8,26,76
20,23,10
21,14,36
1,11,30
22,11,92
4,9,5
7,27,35
30,19,29
23,4,56
1,7,53
15,3,86
21,6,76
28,28,17
2,1,68
23,4,17
14,15,12
3,15,11
1,26,64
4,9,87
14,1,85
27,21,52
15,19,75
27,27,81
13,3,63
26,29,29
11,28,12
3,7,56
16,15,64
3,13,18
27,8,18
20,8,77
8,14,46
11,3,21
15,27,34
20,6,43
5,1,15
29,2,17
23,21,2
3,8,28
13,6,20
19,9,43
12,21,29
20,10,44
28,5,57
27,22,69
13,5,81
3,12,27
29,25,57
11,30,26
26,9,5
26,12,32
30,14,25
18,23,1
27,23,51
13,5,70
26,30,18
6,27,17
21,30,28
12,25,62
4,5,28
16,14,85
21,13,90
11,17,42
4,22,81
30,11,40
17,7,93
10,27,100
22,11,69
10,22,71
7,10,25
12,2,38
3,27,59
30,8,94
13,7,63
27,18,13
10,5,21
15,10,92
16,1,78
19,10,76
16,26,16
6,28,66
10,6,73
8,6,31
25,12,87
14,13,62
24,11,95
14,15,11
25,28,36
24,3,29
17,24,53
24,13,52
18,26,86
20,23,22
1,11,94
28,15,8
25,26,37
24,17,40
23,27,59
19,12,2
14,8,12
13,21,74
2,8,10
6,27,12
14,2,34
17,23,73
13,27,22
18,7,33
28,29,48
23,30,22
22,6,28
3,23,39
9,6,100
23,2,28
23,24,35
2,8,39
11,11,41
27,11,53
29,28,72
28,12,52
28,3,33
23,1,32
24,8,99
17,13,73
3,4,47
27,24,46
8,27,18
16,11,38
1,25,71
19,24,74
12,4,96
26,5,98
9,30,99
21,1,45
11,15,65
12,18,31
26,23,16
4,8,87
23,18,61
26,1,29
7,10,77
3,9,50
30,20,33
20,25,96
6,3,74
3,12,21
24,30,49
20,2,64
27,29,23
23,29,88
23,28,99
2,27,10
1,8,38
28,21,44
24,21,67
8,12,61
21,10,51
27,15,33
24,13,91
19,25,57
8,13,55
8,24,2
30,19,57
15,19,59
8,21,19
23,26,62
11,22,75
24,19,13
9,7,62
2,17,57
18,12,62
11,20,12
13,4,48
11,21,34
11,11,43
15,20,96
27,4,85
4,29,94
6,24,66
21,29,70
22,5,6
4,11,43
3,29,28
10,27,72
23,19,31
30,19,55
30,26,83
12,13,37
24,16,41
30,26,83
14,28,75
3,5,71
30,24,40
17,6,36
14,4,20
30,29,5
21,8,87
26,30,95
9,30,94
14,9,49
20,1,7
6,12,83
21,2,28
25,16,14
10,9,71
10,17,24
12,12,12
8,11,22
27,8,94
17,3,14
14,30,58
10,3,74
16,3,90
16,23,88
23,26,51
26,1,26
5,20,39
11,25,70
7,17,97
1,23,76
30,15,53
22,19,63
8,24,84
25,19,47
24,6,31
7,20,92
22,8,55
8,6,81
22,25,92
23,25,81
16,10,55
28,6,28
5,27,4
6,17,5
19,15,23
11,8,20
21,9,47
5,25,33
25,30,70
17,6,30
16,9,77
18,3,88
1,13,89
5,1,44
12,11,42
21,17,21
14,16,73
17,18,1
15,22,7
17,3,37
2,29,83
17,2,6
15,9,60
3,8,67
11,20,97
12,25,25
24,20,11
27,12,69
12,2,52
23,5,14
29,7,50
14,5,16
21,2,62
13,7,12
29,1,21
30,2,47
2,23,99
15,3,1
29,6,51
21,12,1
17,17,83
30,18,44
18,19,61
2,15,35
17,6,47
16,23,66
20,9,31
25,21,36
13,25,100
25,6,60
24,30,26
11,14,83
6,13,7
16,2,76
12,26,34
3,24,81
6,22,37
14,22,14
20,29,49
17,10,76
7,28,97
9,2,52
8,26,8
25,14,24
10,10,28
6,27,100
3,4,9
20,22,40
5,11,32
29,19,81
16,11,85
21,8,95
15,13,97
26,16,61
7,29,55
14,28,88
17,22,44
22,22,86
22,14,20
2,12,87
23,2,81
6,20,67
24,18,5
26,28,81
18,27,55
24,23,16
19,13,42
26,13,54
19,29,2
23,25,29
8,11,61
8,20,33
22,9,61
9,16,31
23,28,50
15,9,88
12,26,3
30,8,92
5,4,32
10,9,62
23,28,23
22,5,5
11,12,49
23,10,81
12,19,95
30,9,8
21,15,82
12,12,55
3,6,81
25,17,95
14,13,42
30,16,91
3,20,41
9,23,26
17,4,67
26,2,48
19,12,9
16,29,85
18,14,21
7,6,30
19,18,95
18,29,50
16,24,78
30,27,72
2,18,75
16,21,40
10,24,58
11,2,89
9,22,85
20,13,93
1,5,8
14,19,35
5,16,30
1,27,36
8,11,48
9,24,81
25,9,1
12,22,22
28,25,83
17,16,92
18,24,52
9,3,9
30,6,60
20,19,91
20,21,74
19,30,42
25,12,85
10,29,42
13,27,4
3,27,88
28,11,38
27,11,16
6,29,28
23,2,98
26,30,80
28,5,69
4,3,97
21,4,50
19,28,41
11,5,72
15,10,37
29,18,42
23,19,98
10,14,60
10,27,66
24,5,90
1,8,14
8,11,16
29,29,78
10,10,6
6,10,77
9,12,63
24,10,74
27,27,97
23,23,35
13,25,61
29,22,54
16,8,58
14,14,14
27,20,71
5,22,100
5,1,51
19,23,58
1,23,78
17,27,84
22,9,92
14,16,100
19,15,48
22,2,2
27,25,94
2,10,82
8,30,34
29,26,2
30,2,83
15,9,49
18,14,80
29,29,8
21,14,71
22,18,78
25,10,34
29,27,36
8,16,100
29,12,5
5,27,11
6,19,88
2,5,46
11,4,99
11,28,99
20,20,24
6,14,51
15,16,60
17,28,21
11,15,49
30,12,21
18,10,81
11,10,10
2,23,25
29,7,60
23,5,14
26,26,72
18,4,30
17,15,14
24,14,22
3,7,46
24,28,30
10,5,96
4,10,90
28,4,21
13,28,14
18,1,36
5,5,41
16,10,10
20,22,18
19,30,80
15,1,18
10,17,61
21,30,92
3,24,29
7,28,75
7,10,70
26,25,4
5,11,71
14,22,40
25,21,18
29,3,91
30,26,99
10,4,38
21,7,37
8,8,18
11,29,63
26,13,17
29,22,86
23,27,5
18,1,80
21,7,72
12,8,63
19,26,8
4,16,66
30,22,32
26,9,17
17,12,73
11,8,96
28,11,30
20,4,82
11,17,12
5,1,95
9,24,86
20,25,77
7,3,7
16,20,72
10,21,24
20,25,62
11,24,85
25,9,68
28,28,56
16,30,72
30,21,94
10,29,3
21,22,57
18,26,75
6,16,36
27,6,31
25,30,18
16,27,14
3,29,79
15,23,80
22,10,74
2,9,40
7,11,100
20,28,44
23,25,1
16,11,13
5,5,98
24,8,12
3,13,78
23,22,80
18,24,79
22,19,92
19,14,26
6,2,7
22,3,14
25,27,93
8,29,37
22,19,27
15,28,69
4,19,66
24,28,60
6,12,33
25,16,46
11,2,8
14,22,3
27,20,72
9,19,25
29,28,35
9,4,13
25,9,56
21,10,92
13,13,84
18,27,68
22,1,94
18,18,42
16,26,55
1,17,5
4,27,69
26,9,88
17,17,66
8,14,76
10,27,33
14,28,85
29,4,91
15,26,72
25,19,71
27,7,16
26,12,88
9,20,71
20,9,45
25,17,63
16,9,19
16,2,51
24,17,98
14,25,95
9,20,3
17,3,36
30,3,67
30,2,74
13,14,76
16,12,4
20,30,91
18,29,12
12,26,22
13,2,63
24,26,1
2,10,14
13,23,90
30,29,1
19,15,85
26,30,34
19,7,28
24,14,89
4,17,61
20,12,75
29,17,49
21,10,40
13,27,72
8,29,40
7,14,11
1,28,17
2,15,23
12,7,15
12,4,89
18,17,46
4,10,74
15,4,9
4,17,70
1,5,15
26,26,98
27,28,47
19,28,64
20,18,86
13,22,9
26,12,59
14,12,6
15,4,63
8,24,33
5,15,100
20,8,45
16,7,33
8,9,77
9,22,90
9,11,22
15,21,73
29,18,16
29,30,97
26,5,25
23,20,93
1,10,87
26,4,4
8,12,36
30,10,96
3,2,98
6,25,13
9,22,76
22,22,41
25,25,51
21,9,20
8,23,40
24,10,1
28,5,27
23,2,13
26,25,74
1,22,29
1,17,44
9,6,82
3,14,34
21,7,7
13,29,90
30,15,24
22,20,84
11,9,84
26,27,68
12,19,59
30,28,54
9,2,55
24,20,74
20,25,8
28,28,79
29,8,80
24,1,77
6,9,83
15,19,23
19,19,96
18,15,34
23,14,22
18,22,10
12,9,83
14,20,23
10,21,13
4,17,97
12,11,49
22,28,47
18,26,82
29,29,87
24,29,90
5,8,77
28,28,83
8,25,28
22,3,64
24,5,67
23,19,22
23,17,12
25,24,63
13,21,63
22,17,73
24,21,86
30,19,92
28,27,74
6,13,70
23,18,12
27,24,97
16,6,8
19,24,45
20,5,14
11,20,68
9,11,55
4,11,8
11,27,97
27,22,68
29,7,67
13,29,94
20,11,82
23,6,20
17,13,10
4,8,71
23,11,21
7,11,4
2,11,32
29,16,91
28,16,59
12,17,5
30,2,53
16,2,98
21,2,100
6,27,89
27,25,10
21,23,20
25,23,2
16,14,7
12,15,17
16,9,57
17,28,91
26,11,19
23,29,28
2,25,10
19,14,79
22,13,32
29,11,17
29,4,84
11,17,76
5,28,73
9,21,39
29,25,33
14,24,50
7,6,34
8,26,63
12,10,41
19,8,62
1,7,24
22,28,12
1,5,91
18,30,52
26,3,63
12,28,32
3,29,68
8,20,89
11,14,63
5,21,69
6,4,12
24,24,100
7,16,57
2,10,67
22,16,47
2,24,56
4,27,10
6,24,95
16,11,94
17,7,1
13,20,74
25,5,99
11,13,2
28,25,24
21,19,94
20,20,35
19,24,84
3,13,81
8,17,46
21,8,20
3,6,87
28,11,66
17,19,85
15,23,31
23,24,57
23,28,54
26,13,6
4,29,52
19,16,21
30,12,21
24,25,5
6,14,44
7,22,85
10,22,70
17,5,93
10,4,12
3,20,58
2,23,79
3,20,43
4,3,79
10,11,1
13,18,21
14,11,75
21,22,46
5,14,19
30,19,20
17,5,38
5,17,66
30,3,33
6,1,39
20,19,77
25,8,15
12,16,16
17,1,59
7,9,72
22,28,15
4,5,59
22,11,61
28,30,1
28,29,17
2,1,83
11,19,82
12,17,14
20,8,18
29,18,99
3,28,51
27,1,4
27,1,72
3,28,17
13,20,73
1,16,14
18,18,61
3,26,59
4,18,62
17,27,18
22,5,62
18,26,33
2,16,48
16,13,30
9,25,54
13,10,14
9,17,9
14,7,46
17,8,49
10,11,78
21,4,71
4,14,16
2,15,1
21,11,52
8,12,93
16,16,76
25,27,98
23,24,92
3,24,88
30,22,38
6,16,52
30,25,70
27,22,40
19,11,9
30,2,58
7,27,91
5,28,85
2,28,26
21,29,69
17,4,20
12,24,68
8,7,16
30,8,47
5,13,54
2,4,25
10,23,78
14,26,33
19,4,25
28,20,27
6,29,6
5,13,14
9,12,24
23,25,70
1,4,34
20,2,37
17,21,15
30,23,55
6,19,1
10,9,93
24,17,58
16,20,57
28,2,79
23,29,18
25,23,74
12,25,16
21,25,25
11,25,15
11,19,54
10,16,32
8,15,72
9,6,39
7,4,60
17,3,39
1,1,20
8,28,29
29,5,92
28,24,41
25,15,5
9,26,80
12,10,53
2,7,15
12,11,40
28,25,1
3,14,82
5,20,86
15,20,22
9,30,51
5,1,90
13,3,70
28,14,33
15,13,24
12,2,31
30,17,83
24,11,14
23,21,100
23,19,76
2,30,11
14,10,4
11,4,43
24,24,89
11,9,69
1,5,55
26,16,87
6,27,16
30,6,92
29,19,72
5,27,96
5,6,37
10,17,22
8,12,47
15,15,19
7,20,74
1,16,87
4,28,65
12,28,60
11,11,87
15,9,29
29,18,95
19,17,46
24,2,4
21,17,19
9,26,39
15,9,12
16,26,70
30,18,26
15,16,10
3,30,26
28,1,98
22,2,82
15,2,93
23,25,74
3,9,84
17,18,52
13,6,96
25,11,72
19,13,74
24,21,98
8,5,16
23,3,99
1,11,84
3,28,64
21,24,93
22,15,81
10,2,56
13,2,38
14,6,28
29,18,1
25,24,17
2,9,7
27,6,14
24,28,71
8,29,9
22,14,28
23,29,8
13,7,4
9,16,38
7,8,80
3,10,41
6,23,36
28,26,85
11,20,31
19,9,41
15,8,100
22,11,67
10,13,41
4,14,67
15,22,35
1,5,20
26,11,13
15,12,34
3,2,15
16,4,32
26,10,30
5,26,47
19,8,16
29,3,91
2,8,17
14,11,78
9,1,65
20,25,87
16,7,30
30,21,22
3,22,91
6,30,17
17,3,83
5,23,71
23,7,78
10,13,9
6,10,47
7,19,35
22,21,81
12,23,10
9,10,89
25,6,95
22,17,8
10,7,78
20,7,33
7,6,19
10,12,92
21,11,88
18,7,50
15,13,63
16,23,20
10,25,27
29,21,56
24,28,92
19,10,78
25,16,27
21,15,94
6,12,95
17,11,20
1,9,90
25,11,80
20,3,80
13,15,8
2,5,28
28,27,24
2,11,86
30,19,4
26,5,30
25,4,30
17,13,37
2,2,58
18,12,99
4,23,65
25,9,68
5,2,16
23,14,93
18,12,27
12,16,85
23,9,39
8,4,12
18,20,4
22,16,82
26,20,82
27,24,52
14,8,46
27,18,97
12,4,4
27,22,4
11,4,59
30,29,58
15,11,62
30,9,20
2,17,8
19,10,31
12,29,74
14,25,34
15,1,70
14,15,41
11,8,47
28,23,89
10,20,2
8,8,38
27,9,75
21,2,70
20,27,93
17,12,72
16,14,30
5,2,96
28,18,27
15,18,84
25,1,80
28,15,10
18,10,59
26,29,96
25,30,28
14,30,31
19,3,41
24,19,77
1,4,6
9,2,86
10,20,88
1,21,44
3,11,14
17,7,50
13,2,71
25,17,100
17,29,51
27,17,15
13,27,32
15,5,29
6,26,67
6,4,10
16,4,38
20,1,80
11,12,84
4,30,34
6,19,60
2,22,49
28,9,91
27,29,80
4,16,70
6,21,12
30,9,34
14,18,92
18,11,52
11,6,12
27,3,52
26,10,28
21,14,52
25,19,33
29,18,76
15,6,61
16,10,76
1,24,64
14,4,98
1,26,60
6,26,56
24,13,59
17,26,13
20,2,48
6,14,41
6,3,6
25,11,88
7,18,65
27,10,18
7,2,52
2,11,48
30,8,87
8,1,70
22,11,78
3,1,31
23,24,11
11,1,35
27,14,55
13,18,31
28,11,61
16,7,38
19,21,36
30,28,4
1,1,83
21,6,27
19,16,12
4,30,17
12,2,5
21,24,71
13,2,59
5,11,92
8,10,3
30,24,91
20,5,31
30,4,77
21,6,91
17,8,46
26,14,91
13,7,26
12,27,62
13,5,90
25,13,92
29,20,77
18,7,88
10,10,16
10,13,65
30,22,45
27,16,94
27,7,30
16,21,39
5,16,77
24,1,41
2,26,61
7,19,36
6,1,1
11,25,40
25,14,83
7,11,43
2,18,78
4,7,23
28,27,9
26,18,72
10,8,5
27,8,5
2,30,8
23,15,53
4,12,75
2,15,1
8,1,17
27,13,73
27,20,56
20,22,49
1,11,39
7,19,56
7,25,57
13,24,51
19,23,41
5,21,19
14,12,54
27,3,46
2,22,8
1,20,44
12,26,25
7,10,16
2,15,50
14,5,17
3,28,83
23,10,88
1,2,38
3,18,6
24,20,84
26,28,73
7,13,79
12,14,76
28,9,73
7,27,67
24,8,72
15,9,48
12,2,79
20,7,55
15,2,42
26,7,3
30,28,87
8,4,18
28,13,56
7,29,48
27,26,53
20,3,47
26,30,13
5,24,79
7,11,79
22,18,53
17,5,84
25,19,67
16,4,38
18,30,89
16,13,52
30,21,15
15,14,53
15,3,85
7,28,19
16,27,28
27,28,4
13,7,37
26,21,87
29,6,43
12,7,95
30,19,98
24,17,22
7,19,49
19,10,77
15,12,55
13,16,63
19,11,66
13,21,88
17,11,34
8,22,29
4,27,18
6,9,9
6,12,72
29,10,81
12,20,86
16,11,30
20,8,77
8,24,82
18,2,84
26,12,26
29,5,94
29,2,39
12,25,97
18,2,13
2,9,100
25,11,83
14,5,86
29,14,89
20,17,57
16,19,64
6,9,44
14,29,65
30,3,13
14,18,62
3,9,43
18,26,32
16,12,95
8,4,10
16,16,14
30,23,52
14,18,67
13,19,23
25,13,69
30,13,45
5,14,10
10,17,84
3,27,7
3,16,79
12,15,20
6,2,90
2,27,54
3,14,7
8,28,19
30,23,31
24,12,96
10,28,53
12,24,42
4,12,28
6,17,7
29,17,66
8,23,99
7,11,87
28,8,51
7,11,1
1,22,35
18,7,37
14,17,31
28,26,54
20,19,21
10,5,30
29,23,62
9,10,38
6,26,95
23,21,33
24,6,51
3,22,28
22,2,73
2,14,78
2,27,15
17,11,64
16,20,60
1,20,73
26,20,85
4,12,14
2,5,74
4,24,69
24,8,11
19,23,94
21,5,93
9,15,85
8,29,32
8,29,6
6,9,81
2,13,94
5,25,2
30,18,56
21,14,94
7,30,58
9,19,60
21,24,29
16,13,43
16,7,60
24,19,58
29,15,97
16,28,72
12,5,95
7,14,97
30,9,67
22,25,61
25,7,75
16,6,46
7,14,79
11,22,12
29,5,26
19,13,3
14,24,55
5,11,28
7,25,84
2,5,7
25,29,88
7,23,43
4,9,59
30,7,16
13,8,58
17,28,53
8,14,4
16,6,26
11,22,38
25,20,61
6,30,41
12,21,31
5,10,90
27,10,92
27,14,18
27,27,84
27,4,76
20,4,92
1,14,78
4,1,22
24,21,86
14,17,99
27,21,72
11,10,99
7,18,86
28,25,36
3,12,18
12,28,45
1,1,86
14,7,41
23,20,89
6,12,79
21,16,11
16,30,22
21,4,53
24,4,36
4,14,50
23,27,50
6,26,58
13,23,30
30,29,86
5,15,48
7,19,7
17,9,24
1,14,12
2,9,55
25,14,82
28,3,17
9,18,16
5,10,21
17,16,25
29,25,54
1,6,53
27,30,33
11,29,20
10,5,42
24,14,67
20,9,96
27,18,52
8,5,2
7,3,71
14,2,97
7,2,50
27,29,92
18,12,2
3,19,68
7,26,43
25,16,44
1,21,90
29,30,64
14,17,83
24,28,44
12,27,2
2,27,71
26,10,75
3,7,2
24,13,85
28,27,46
16,12,12
1,29,40
20,28,89
20,7,1
14,26,44
7,27,43
28,20,44
30,10,72
23,24,88
15,19,40
3,16,71
30,5,96
3,14,100
5,24,44
3,5,21
12,10,37
2,23,58
15,9,74
27,9,95
17,17,91
24,13,9
17,27,43
28,21,62
13,3,15
10,14,23
25,2,100
30,30,12
6,20,58
22,6,5
15,23,10
14,5,75
29,21,32
26,17,55
5,28,26
23,27,91
4,30,47
30,2,16
11,12,83
18,12,50
18,23,77
3,5,67
20,24,93
12,16,41
7,8,84
26,20,74
19,27,23
24,26,25
21,7,91
25,6,50
21,20,16
8,21,20
4,20,45
2,2,32
12,9,89
29,12,93
3,3,42
30,19,14
22,8,63
19,4,41
5,17,9
19,8,26
13,5,43
22,14,91
12,17,9
15,30,11
12,22,54
20,22,49
24,20,46
2,9,92
29,24,50
25,13,73
2,19,34
10,30,65
6,24,64
16,21,15
6,29,80
13,29,55
5,9,76
28,30,83
22,19,17
16,7,56
6,28,79
5,26,98
7,29,57
16,9,95
3,11,16
2,3,24
16,5,47
4,23,41
21,4,97
23,23,73
20,29,64
19,1,1
26,18,10
11,8,25
18,12,25
20,12,68
29,7,98
30,11,17
18,13,32
14,17,56
22,21,37
10,29,91
20,8,57
22,26,46
11,26,14
24,14,23
27,13,12
28,13,90
23,5,87
2,15,39
2,12,25
27,5,55
26,16,22
27,22,80
6,24,91
18,25,22
8,13,73
14,26,75
17,24,54
18,19,11
29,6,29
27,1,88
14,29,3
21,15,98
14,9,38
3,11,9
14,4,24
24,29,99
25,26,34
4,7,9
3,6,40
8,20,33
14,9,56
27,1,29
17,28,13
21,25,59
24,19,75
10,13,26
29,18,80
1,10,99
20,10,23
3,21,85
14,24,21
2,23,47
21,10,34
21,20,84
7,4,23
13,4,70
21,1,63
28,16,42
6,21,5
24,19,17
28,7,87
16,29,57
13,13,50
5,13,57
15,6,68
3,7,22
15,23,39
19,21,31
19,29,67
8,30,38
17,7,82
21,4,13
19,11,94
13,7,91
21,19,25
12,4,7
25,9,70
9,1,12
17,22,60
24,7,7
23,30,33
19,16,20
20,11,64
3,14,53
17,14,38
27,8,12
22,26,1
21,5,98
16,5,32
15,9,33
17,6,73
23,24,1
19,9,33
6,19,54
5,11,65
4,15,83
19,21,56
12,6,22
14,11,88
15,9,76
24,19,5
18,11,7
17,9,42
25,16,63
3,24,91
15,29,88
14,9,47
14,23,11
3,20,27
20,10,33
30,10,68
3,11,37
29,27,48
21,27,58
15,9,5
26,13,44
30,29,91
20,13,70
29,6,13
14,3,6
25,21,80
21,22,67
19,3,54
4,6,33
17,2,57
10,11,73
15,23,21
6,28,55
4,27,41
14,15,75
24,13,88
18,11,35
18,14,51
13,24,18
15,29,12
2,24,44
18,5,73
1,25,82
17,2,82
25,9,13
20,19,39
19,24,97
9,1,61
21,14,85
19,12,49
14,19,89
3,8,22
19,15,80
13,29,13
11,26,88
25,29,23
3,9,59
22,16,52
22,21,10
6,17,1
27,18,29
12,23,51
28,23,39
27,26,24
27,8,86
28,14,11
6,28,98
12,25,43
13,14,58
14,22,42
2,2,29
30,1,92
19,8,94
14,29,73
8,29,7
3,2,30
1,11,43
14,8,62
8,15,11
27,3,69
13,16,84
9,7,63
30,30,14
2,3,10
12,29,41
23,28,55
14,19,90
14,27,31
20,2,96
25,27,44
29,27,36
17,29,52
4,20,27
22,18,40
25,13,8
16,30,28
30,2,58
4,12,72
19,1,79
17,29,46
5,19,88
25,14,81
18,18,2
5,14,23
14,20,16
30,29,50
26,23,80
28,16,11
6,29,80
9,3,87
4,21,8
15,1,66
17,2,1
2,6,71
9,11,48
1,7,29
23,17,60
2,27,5
6,8,66
10,13,86
21,27,21
17,7,35
27,4,34
5,1,12
16,15,53
7,29,79
18,21,91
25,15,23
1,9,93
18,3,73
7,26,53
11,8,15
2,1,14
7,28,69
26,4,15
7,18,51
28,3,86
30,14,2
30,11,93
7,3,37
9,10,29
27,28,35
18,22,20
21,20,58
25,6,8
20,30,33
18,28,17
23,25,59
19,14,88
9,18,13
10,18,95
3,18,34
21,7,79
14,22,49
15,3,36
21,8,2
19,6,51
7,7,89
11,21,34
17,1,43
22,20,15
13,30,53
26,29,6
29,13,28
14,25,18
27,17,74
2,3,85
29,30,33
15,6,49
23,17,81
11,14,17
16,4,76
14,26,41
25,14,61
17,18,35
8,2,71
21,23,13
22,19,24
28,11,23
26,27,36
7,8,30
20,30,28
20,2,88
22,13,4
13,8,48
30,22,100
23,28,17
30,5,5
3,30,19
7,9,26
16,10,7
9,1,26
30,16,46
26,6,26
3,20,92
10,22,83
9,5,27
9,19,95
12,3,83
1,25,30
21,8,20
22,17,88
28,12,2
28,17,24
25,6,92
30,14,18
5,6,73
6,28,60
18,24,61
10,6,69
10,26,47
5,29,56
22,11,45
13,25,1
3,4,82
10,30,93
12,7,15
23,12,41
1,26,34
13,24,92
3,12,7
23,15,73
26,12,43
14,23,86
3,23,20
13,11,60
11,9,84
7,30,38
18,8,98
29,30,28
27,25,47
22,21,44
19,2,15
11,2,7
29,26,74
3,10,97
15,20,43
4,12,26
6,22,77
15,11,92
21,8,99
3,15,43
4,28,49
26,26,72
18,20,77
26,29,45
30,1,45
24,13,7
29,22,93
29,2,83
29,7,88
13,2,93
25,1,54
2,27,51
25,2,2
23,11,10
19,24,1
20,9,36
17,20,62
3,8,40
17,4,65
11,11,75
2,17,71
12,5,53
11,16,23
26,16,33
16,3,74
22,22,35
2,29,73
18,28,68
20,20,92
14,5,45
6,26,12
10,16,35
1,21,1
17,5,26
5,30,58
30,17,7
23,19,37
3,22,96
19,23,8
6,24,48
11,9,21
2,2,59
27,8,49
16,9,75
5,30,71
24,23,58
15,27,23
3,26,18
27,27,22
18,20,61
20,14,55
18,26,29
29,16,16
25,4,39
28,22,67
7,1,51
17,29,18
12,16,38
1,18,82
2,22,61
17,20,54
8,23,30
13,29,19
5,16,84
4,20,83
23,16,19
10,13,73
9,15,33
20,22,45
23,21,11
1,14,19
14,19,72
15,28,89
25,30,70
12,27,3
12,7,30
8,11,72
18,14,2
25,22,60
24,15,53
27,3,99
21,26,96
30,20,9
10,3,53
23,11,34
12,20,96
4,11,7
28,28,52
2,6,2
7,24,63
24,20,26
30,27,88
9,30,59
3,15,39
8,12,12
5,23,43
21,17,58
15,20,8
4,25,57
2,10,67
6,14,22
26,14,47
8,27,86
11,27,44
25,4,62
20,10,57
14,5,44
8,20,32
21,1,11
27,13,82
28,18,88
2,25,70
5,2,79
22,3,31
1,15,29
12,12,40
17,15,73
2,18,87
27,19,8
8,16,85
11,15,97
11,13,52
15,24,10
2,10,97
8,26,35
29,6,100
8,13,15
8,2,52
7,13,63
4,8,75
30,23,71
25,22,55
12,27,80
27,14,42
21,7,42
5,15,68
25,10,82
3,11,82
2,23,24
21,25,60
26,7,65
29,7,14
28,26,49
13,16,80
5,13,20
12,10,45
2,24,62
19,2,85
25,1,40
19,17,20
22,1,1
5,13,9
10,1,57
19,10,47
29,15,93
22,11,70
2,30,65
9,15,17
23,7,61
25,23,26
22,20,82
17,19,26
17,29,89
21,27,70
27,13,59
2,4,39
28,11,22
23,1,27
17,29,11
17,26,24
4,24,12
15,6,94
8,23,34
3,12,58
17,30,93
1,20,8
27,19,63
27,4,70
1,14,80
23,12,46
10,7,77
3,5,39
25,6,90
21,19,69
23,2,44
9,5,38
18,16,56
7,2,85
29,13,3
21,16,34
23,14,81
14,26,33
11,10,43
12,7,87
8,26,77
12,20,54
7,5,59
6,21,18
23,26,63
11,3,90
20,25,15
17,14,60
16,19,31
15,21,47
2,28,82
22,18,42
26,12,3
26,25,97
29,15,91
22,8,99
12,6,72
11,28,47
23,14,14
15,5,99
26,9,15
10,20,21
6,17,31
2,29,79
11,17,97
21,7,18
28,2,55
14,16,3
1,24,11
10,10,58
5,28,54
1,22,84
30,3,51
24,1,51
20,7,12
20,27,39
22,24,39
13,6,72
15,3,39
13,30,16
19,15,90
25,22,63
25,18,96
24,14,74
11,23,4
18,9,40
25,26,2
24,26,46
24,18,17
2,12,45
30,14,44
15,5,62
6,3,53
12,13,8
8,22,5
11,7,13
6,21,3
5,3,50
24,1,94
18,21,49
16,20,92
4,29,1
18,5,62
17,7,55
8,7,45
27,22,97
4,14,73
21,19,66
2,24,96
21,6,42
7,23,10
13,12,81
9,13,15
18,12,53
9,2,34
17,7,30
29,19,15
15,3,77
29,14,66
8,2,84
21,21,75
11,7,96
25,26,23
28,4,96
23,12,47
19,15,18
24,3,64
23,23,35
7,1,11
26,6,57
26,23,87
3,4,70
16,27,31
29,5,41
3,5,69
2,5,6
15,17,53
11,28,31
9,3,63
2,19,39
17,11,13
11,1,44
16,25,98
20,26,67
1,8,60
18,10,58
12,12,38
14,25,67
14,9,100
7,14,27
7,28,5
19,3,9
4,8,31
3,21,87
29,22,66
18,13,75
3,25,82
11,23,25
7,4,82
3,14,7
17,16,15
30,22,78
22,10,28
1,2,7
5,27,8
8,11,11
12,19,77
27,7,60
6,16,14
29,27,25
9,28,62
27,5,2
11,8,75
14,22,9
6,1,17
2,13,42
23,13,57
1,4,54
30,6,85
19,11,7
6,13,87
26,28,98
17,3,45
7,4,10
25,14,20
12,20,7
1,21,55
3,24,16
17,10,41
18,18,82
15,3,81
2,13,8
18,21,58
19,4,89
3,6,39
8,14,9
27,16,72
29,7,87
24,19,7
3,5,33
4,17,25
17,21,80
28,15,46
1,3,75
28,20,1
19,6,49
8,5,92
8,26,67
11,22,28
21,18,48
7,2,47
17,2,56
26,17,13
2,5,76
21,15,62
13,29,29
30,5,98
25,9,39
24,9,92
16,16,43
29,14,80
6,5,28
4,8,23
5,18,42
10,5,40
5,26,64
3,7,6
11,18,94
10,27,6
1,27,32
18,29,22
13,8,65
10,16,37
14,23,68
22,24,19
8,28,54
22,14,15
30,30,93
17,21,27
19,29,56
6,26,15
24,8,44
3,18,19
17,19,84
18,20,77
19,26,30
14,7,10
13,13,3
16,1,73
30,22,4
29,29,14
4,11,88
24,25,23
6,19,13
19,27,21
7,13,37
4,9,46
14,1,72
8,5,39
15,8,60
2,8,34
17,6,90
12,13,100
16,10,20
8,14,82
18,6,20
21,13,12
19,26,72
26,13,78
14,11,85
6,22,6
6,27,19
20,10,46
20,19,15
4,13,63
2,10,77
22,13,55
10,21,47
19,23,51
25,17,25
27,8,42
23,17,18
18,21,49
13,30,88
4,2,67
28,7,73
11,17,26
12,15,81
21,19,10
22,17,88
12,19,46
27,11,42
15,10,12
27,16,54
11,3,23
26,16,18
20,3,85
24,4,5
15,21,19
10,15,71
13,5,17
19,26,48
10,14,52
6,9,86
9,29,67
15,6,65
16,18,65
7,7,89
3,30,56
27,16,25
16,1,63
12,1,78
12,10,52
8,3,96
23,22,88
7,6,21
19,6,75
21,4,25
26,30,40
11,1,82
20,12,95
1,16,46
30,17,29
13,22,15
27,16,37
26,18,32
28,23,93
12,29,39
6,21,52
6,17,54
24,26,26
14,12,33
2,23,100
29,16,27
11,22,43
18,25,79
20,12,48
20,22,29
7,11,42
19,13,18
9,11,59
26,22,48
26,30,32
11,8,33
23,6,40
11,6,54
19,26,49
9,29,41
2,23,47
28,2,1
27,15,73
21,28,76
19,1,42
4,23,82
6,12,18
4,18,65
12,29,4
16,10,47
9,9,16
14,3,19
15,17,14
20,19,64
28,24,18
12,22,48
3,8,95
8,6,77
3,3,89
7,16,77
9,13,8
11,10,44
16,23,38
17,25,67
2,5,80
1,5,81
8,10,55
5,13,24
6,14,93
28,10,74
17,10,14
9,6,6
25,4,24
26,11,16
9,5,14
29,22,52
18,5,81
3,10,65
26,13,71
1,3,15
20,28,14
9,26,8
22,15,48
15,27,83
22,26,48
19,8,34
28,8,38
12,17,14
24,19,75
24,29,71
23,17,55
23,19,16
14,7,88
22,15,9
12,30,24
9,10,48
13,16,4
20,10,72
14,30,11
21,2,38
26,5,51
19,16,65
1,20,56
10,6,54
25,7,9
12,21,35
26,30,63
18,13,60
23,19,31
6,30,27
29,22,6
17,26,97
16,20,6
22,1,35
3,29,23
29,19,81
1,2,92
27,14,25
5,14,92
5,30,33
20,1,15
5,19,65
6,8,13
3,28,23
26,22,15
29,18,25
30,20,2
14,4,13
11,27,54
18,11,16
7,30,54
23,22,87
15,2,42
26,23,78
24,26,79
23,21,55
8,19,14
20,3,69
17,4,32
3,7,37
24,28,61
15,17,35
28,27,72
27,2,15
27,4,52
13,15,98
27,18,15
19,12,22
22,27,33
21,23,33
22,20,82
11,4,87
9,3,96
25,14,62
6,6,14
1,9,84
23,25,1
30,30,23
24,7,98
29,24,54
12,3,54
2,6,93
25,3,50
25,5,75
13,18,15
2,17,18
11,30,15
17,10,95
28,28,19
1,22,15
23,18,12
1,3,48
17,17,94
10,7,54
1,16,44
27,19,85
9,21,28
1,8,52
2,28,50
12,15,3
18,2,11
5,18,49
25,22,33
27,25,91
25,26,28
7,30,83
29,23,20
29,5,74
8,18,46
1,24,100
18,9,5
25,8,71
12,29,1
22,12,65
13,21,44
6,26,62
10,6,69
25,16,32
24,18,88
7,12,61
14,29,41
24,2,48
30,29,68
23,17,79
28,19,6
23,29,47
3,7,28
10,25,91
18,23,83
6,27,99
6,5,90
5,10,46
23,13,19
8,26,2
12,15,73
25,11,73
23,28,33
17,4,27
12,16,5
14,19,57
27,8,39
16,18,88
15,26,71
19,30,72
3,6,58
25,19,6
24,26,24
22,26,64
21,27,92
27,11,62
22,15,53
12,11,49
20,9,100
29,29,97
29,19,85
17,21,76
13,17,93
26,7,43
13,5,54
12,29,29
15,23,32
1,27,24
4,25,83
29,18,65
13,1,40
18,14,15
14,27,50
26,13,33
1,26,99
22,27,47
23,25,54
27,30,89
6,24,83
5,6,14
2,25,12
8,8,37
25,2,25
15,5,44
28,2,58
16,13,89
29,16,57
12,22,80
16,21,27
21,3,31
18,5,50
11,11,70
1,5,81
18,3,5
8,19,40
16,13,37
27,12,83
18,26,67
4,30,59
6,10,58
15,12,51
4,22,62
20,19,70
5,2,81
2,14,11
15,10,79
30,4,48
1,6,42
22,8,31
22,21,19
18,17,38
7,26,75
14,26,31
21,9,22
22,18,42
16,17,52
30,25,26
11,16,5
26,16,91
10,7,27
12,1,86
20,5,83
15,22,21
28,1,90
6,5,96
24,22,92
25,2,14
1,28,58
13,17,35
24,19,45
25,17,57
25,26,18
27,7,29
23,30,99
25,28,66
11,30,19
8,29,66
3,25,91
26,25,10
10,20,29
13,20,44
3,24,17
27,14,17
26,3,94
25,20,2
7,29,55
6,6,50
2,11,53
1,6,15
17,5,32
14,27,6
25,6,11
16,3,34
8,8,25
13,27,4
8,4,98
20,23,76
25,30,88
16,3,3
30,19,98
22,2,62
1,20,16
13,5,17
18,23,3
10,5,96
3,21,27
29,11,99
6,17,54
29,12,49
23,3,25
21,1,49
29,22,3
11,7,12
15,19,76
7,1,19
3,4,32
21,8,19
21,2,41
8,3,92
27,25,89
7,26,30
28,21,18
7,20,3
5,28,67
15,30,6
14,9,49
16,29,36
4,20,17
10,25,79
26,3,65
15,9,52
18,5,80
9,18,7
26,5,34
24,15,67
13,19,58
1,6,77
5,20,54
14,21,29
3,26,6
24,9,57
17,6,45
18,19,95
3,23,13
23,17,100
28,3,84
1,29,61
21,13,80
2,8,75
25,3,22
7,17,81
29,12,45
1,29,15
15,13,68
12,13,33
15,8,100
2,8,96
19,23,87
25,8,47
18,15,16
5,15,11
16,25,86
1,17,20
11,15,65
5,7,44
15,12,96
12,6,40
1,5,14
10,29,72
18,7,80
16,9,1
8,22,94
21,28,50
20,4,51
27,12,22
29,8,55
27,8,17
7,25,82
28,28,81
18,14,63
6,30,90
24,5,48
4,29,67
25,9,27
27,8,30
14,2,40
20,22,36
25,23,45
26,17,94
4,18,47
14,5,47
5,17,50
4,19,50
13,15,9
7,4,23
23,24,8
27,29,71
16,9,75
24,4,3
8,6,16
27,26,97
23,18,61
29,11,82
20,25,70
21,3,80
16,2,23
26,12,70
25,4,72
12,7,16
25,1,4
27,12,73
4,3,69
29,11,11
15,16,13
29,14,72
27,22,19
12,1,11
6,28,88
23,22,5
18,24,39
14,14,17
28,6,10
10,5,8
29,20,20
2,5,24
22,14,77
5,23,62
19,1,30
25,13,53
20,24,81
22,14,28
11,6,56
30,3,7
29,14,77
28,10,56
25,5,19
1,19,30
16,9,46
8,30,45
30,11,57
25,26,32
13,22,8
11,2,12
8,7,53
30,26,16
15,7,47
29,9,52
30,3,25
17,18,69
18,25,54
1,4,50
18,22,14
2,25,45
16,18,62
11,9,76
9,13,13
21,8,39
29,3,26
11,26,92
18,13,54
19,9,46
19,5,68
19,9,23
16,19,45
20,10,43
15,24,32
23,17,95
22,16,25
1,7,77
30,17,10
19,4,65
12,1,21
26,3,40
26,5,40
3,9,99
15,8,36
14,23,75
25,17,24
26,9,66
11,24,59
30,23,33
18,1,72
20,30,6
16,14,69
26,15,18
4,29,100
3,28,97
15,5,94
7,16,9
7,24,17
16,16,53
26,23,65
30,14,69
14,24,95
15,12,33
30,5,7
6,9,18
30,5,90
30,11,60
11,16,36
24,3,25
5,17,80
19,11,9
27,9,89
14,11,27
29,4,74
8,22,49
21,30,37
2,25,21
28,10,58
2,26,42
16,13,24
4,4,39
18,30,64
21,3,54
28,19,68
27,20,39
1,27,61
13,7,59
5,28,47
1,21,96
14,1,32
14,18,74
2,7,82
27,14,68
2,19,30
22,8,73
5,7,84
20,20,90
28,10,35
20,9,26
14,4,98
7,14,6
8,2,65
15,1,98
5,7,32
17,16,62
29,2,5
21,18,66
25,8,41
16,16,14
23,23,68
22,5,80
9,8,66
17,24,35
4,12,12
10,21,36
17,14,13
20,29,69
9,29,87
27,7,12
11,22,35
24,19,6
25,11,48
17,1,34
26,23,58
18,14,17
18,5,12
29,2,92
25,20,98
14,27,31
24,13,43
16,8,26
26,14,62
30,6,16
21,24,44
4,23,86
18,5,43
8,10,89
12,24,53
19,21,75
7,25,31
21,28,77
28,12,50
16,6,48
20,23,18
4,1,81
4,24,55
23,7,7
19,9,29
7,30,37
21,2,64
8,30,82
29,2,75
14,10,20
13,23,61
25,1,33
6,1,41
20,12,53
19,19,91
18,13,45
21,28,21
18,1,91
15,10,51
26,7,10
15,28,70
9,3,10
9,28,4
14,18,68
20,26,58
16,27,64
1,16,61
26,25,51
13,9,60
9,15,60
6,26,72
24,5,55
7,3,91
22,22,16
5,13,53
11,25,11
29,16,47
23,13,93
21,16,47
18,5,97
4,28,26
12,20,69
4,25,28
17,10,91
22,26,82
20,8,8
6,10,22
7,28,88
7,9,74
12,28,28
4,8,77
26,7,17
20,10,2
29,25,38
18,7,7
3,1,37
30,28,64
9,7,87
16,22,63
16,16,26
23,10,39
17,25,73
10,8,10
12,11,73
1,3,13
8,8,90
23,28,62
18,24,81
25,6,60
19,6,85
12,28,35
3,28,51
3,30,37
17,13,59
24,14,95
8,28,17
28,6,62
22,9,74
8,24,69
5,2,81
20,27,60
30,28,84
30,20,74
21,11,36
13,15,68
7,12,78
11,21,24
13,15,91
2,30,65
20,1,37
21,29,86
11,13,48
1,21,53
24,20,25
1,30,80
3,19,48
26,14,66
28,29,97
3,17,22
7,13,100
24,5,95
1,29,23
5,5,70
22,19,46
20,21,99
11,16,8
24,9,100
14,19,2
30,17,60
3,20,2
8,7,100
7,25,89
10,13,64
4,21,73
18,24,47
11,11,45
11,9,77
14,30,39
16,29,94
22,20,33
15,6,14
10,14,39
7,14,10
22,7,22
17,18,46
30,26,84
28,25,74
22,29,94
9,22,39
8,29,74
3,18,37
29,28,72
26,21,78
14,5,45
16,1,63
7,9,17
18,7,89
26,12,45
4,8,69
17,28,27
26,1,57
12,21,78
24,8,95
21,2,43
28,9,90
26,9,92
11,15,90
20,12,7
6,20,3
8,14,53
6,2,3
2,23,99
26,18,43
29,2,29
17,4,11
10,5,35
30,29,65
26,5,10
26,6,88
17,7,62
20,30,43
2,4,41
19,12,63
3,6,86
27,9,65
5,28,16
6,10,34
22,29,5
3,20,35
3,17,78
23,12,56
3,1,22
8,6,64
5,25,76
5,26,71
3,14,79
8,11,85
10,20,12
7,10,93
24,11,74
2,27,22
25,28,19
22,6,42
23,20,66
15,29,4
19,16,51
3,24,50
29,26,31
10,6,19
20,14,62
26,27,62
18,12,9
26,10,68
10,4,25
6,16,16
27,17,53
5,15,49
14,15,96
3,7,79
27,1,17
1,19,8
14,8,27
18,28,99
3,15,41
13,9,58
21,4,69
4,30,86
5,6,6
10,14,82
8,4,19
21,27,63
16,25,47
21,29,74
19,15,27
11,15,7
9,17,77
14,27,59
3,18,33
25,20,81
17,22,7
22,4,87
15,15,94
27,8,40
9,8,22
27,30,22
24,17,68
3,21,68
3,26,69
8,14,50
29,24,9
18,17,66
25,17,1
10,13,33
21,29,56
14,28,68
10,21,56
17,1,51
8,15,56
4,6,73
25,19,95
6,21,96
22,14,75
3,5,4
23,17,49
1,26,94
11,4,95
18,24,6
6,25,44
5,18,27
14,30,74
26,20,49
26,13,42
25,6,78
28,6,84
20,21,11
3,26,65
14,7,94
23,27,20
30,15,84
25,11,83
22,6,23
17,18,3
9,25,3
27,8,5
12,14,13
26,20,72
14,1,86
18,18,93
6,13,14
3,18,67
10,16,73
16,10,94
12,4,24
18,19,53
27,16,39
23,16,24
17,14,22
25,19,72
2,8,84
26,27,88
20,25,34
3,8,92
18,17,58
21,18,72
5,28,31
25,23,9
23,22,33
22,4,98
17,9,88
16,15,78
29,22,50
14,21,66
7,25,21
5,1,89
27,28,6
13,2,82
13,28,73
2,19,96
1,18,65
9,21,62
8,13,24
15,26,88
1,28,32
29,24,20
15,1,45
1,15,41
30,25,86
18,5,100
13,22,95
25,16,34
4,16,59
16,22,92
4,1,28
13,4,45
14,20,33
26,9,54
6,28,55
21,14,5
15,21,8
16,2,58
5,26,91
22,9,18
21,12,43
15,9,38
2,16,99
16,19,40
27,28,68
29,14,19
18,27,48
11,26,92
20,17,45
21,3,31
25,29,20
14,28,4
24,12,71
30,1,88
23,19,88
22,25,67
9,23,84
14,10,94
28,16,13
15,3,16
26,10,28
25,5,48
10,28,3
26,4,70
1,15,56
17,15,27
22,22,90
5,7,35
19,8,42
20,27,80
24,28,8
29,21,23
26,2,68
17,14,44
3,5,6
19,11,92
20,17,83
16,3,41
3,25,23
8,28,72
6,4,54
28,29,14
3,4,75
29,22,95
19,8,87
23,10,22
1,14,97
20,13,74
10,14,29
26,16,41
30,30,11
8,12,84
7,28,55
21,26,16
16,20,68
28,17,83
12,15,69
1,5,19
29,9,71
23,10,29
18,5,21
29,18,4
7,24,86
29,5,27
23,15,47
12,7,43
20,25,94
30,29,73
25,16,24
28,18,10
25,13,33
26,1,24
1,26,44
5,17,17
12,4,92
8,19,1
27,28,15
26,4,78
27,6,63
25,19,16
9,15,45
24,10,62
6,6,90
2,8,32
6,20,53
22,13,25
9,13,17
12,27,43
22,15,70
7,28,47
24,13,38
2,8,37
25,30,31
9,23,39
6,21,98
21,11,36
15,6,66
9,17,19
5,12,10
29,12,75
20,26,4
3,22,56
11,12,95
30,8,43
10,16,59
7,26,99
7,23,8
6,27,58
22,12,30
2,12,85
6,25,95
25,29,23
23,17,40
20,11,100
20,21,13
9,13,13
4,17,68
23,24,74
9,23,58
11,29,91
16,7,13
11,27,10
2,24,61
19,23,12
27,27,38
28,6,32
15,13,56
14,23,39
29,22,64
22,5,40
14,26,38
29,14,13
4,1,41
30,8,83
23,6,77
2,20,79
28,7,99
2,24,37
4,4,59
26,21,93
30,8,86
22,5,74
30,20,84
7,10,4
16,24,55
3,24,15
17,16,81
17,16,79
12,1,58
20,18,68
20,9,15
11,18,8
19,28,13
17,17,28
1,19,5
2,10,30
3,4,45
21,14,99
12,12,59
23,9,68
28,19,4
13,19,27
21,24,60
3,28,73
6,14,29
25,27,25
5,5,58
30,15,82
12,9,88
28,17,94
27,9,80
27,7,68
4,11,70
18,24,46
5,6,71
14,22,46
7,22,76
8,14,23
29,15,89
19,19,6
29,28,17
13,13,10
26,18,27
27,8,56
13,3,37
28,21,42
2,17,41
23,15,62
5,15,96
10,15,25
21,4,23
15,30,67
13,27,44
1,22,87
8,6,85
25,16,57
29,6,2
8,1,24
20,6,71
26,27,57
21,14,11
28,4,54
10,15,3
21,29,33
13,2,82
6,8,4
1,7,75
5,16,19
10,19,92
17,20,25
9,18,34
4,11,65
4,24,87
4,13,8
7,30,14
2,19,39
11,2,47
12,29,46
3,24,67
15,25,78
8,19,11
25,14,97
28,12,10
14,30,87
27,30,27
8,23,16
10,24,96
28,10,6
7,29,2
12,13,23
9,27,59
16,18,11
8,20,2
10,26,54
29,10,29
16,3,69
6,24,94
22,16,88
9,13,69
16,26,29
29,16,76
24,17,40
29,1,76
5,22,57
1,2,11
22,30,10
2,29,17
4,14,79
13,19,26
15,14,87
2,12,15
21,25,36
9,11,14
20,14,43
13,16,97
20,2,65
30,10,25
22,27,27
15,10,66
27,10,15
10,20,44
4,13,3
2,18,19
6,30,6
14,26,63
20,13,48
12,14,54
12,19,19
26,15,54
27,21,42
21,16,41
11,3,34
12,1,58
8,20,45
28,15,42
20,21,47
23,18,40
14,11,29
5,17,52
18,24,2
17,23,18
25,1,62
13,30,50
28,9,61
1,12,73
22,24,24
23,22,83
16,7,77
23,22,62
3,9,55
22,13,74
24,18,46
6,9,16
2,22,15
30,2,95
12,12,40
20,18,8
11,7,51
21,4,77
17,23,21
5,22,46
5,13,79
6,19,22
22,1,32
17,8,28
25,1,98
8,6,93
17,30,89
5,18,68
2,18,84
25,21,90
17,25,82
10,3,87
3,27,61
5,20,100
7,22,37
9,26,28
30,21,3
6,21,73
25,5,79
1,19,90
26,16,53
14,24,30
8,29,85
21,13,81
8,24,75
1,27,13
8,11,94
17,14,87
29,27,20
28,16,27
19,1,73
3,5,66
4,27,82
21,30,100
11,4,36
1,5,32
13,15,81
14,30,52
21,18,35
14,16,62
6,4,63
7,4,80
1,10,5
25,26,89
28,1,55
20,14,96
6,30,44
22,3,27
26,5,16
12,20,62
17,28,39
29,13,85
6,5,59
25,25,38
28,4,82
14,25,45
8,21,76
23,1,16
14,9,24
29,24,98
17,15,9
21,2,100
7,28,68
12,8,14
7,20,71
24,19,9
22,6,69
17,29,40
20,9,26
29,2,12
23,9,31
19,21,62
8,27,23
9,8,57
6,13,100
24,17,72
23,2,36
13,28,98
15,19,89
17,10,58
28,7,67
3,25,24
19,1,69
2,21,11
25,20,3
25,12,75
14,17,10
25,11,83
18,29,76
20,7,26
15,9,34
5,1,35
29,30,17
19,19,87
24,28,62
3,17,66
1,17,35
5,29,94
29,13,65
19,20,78
19,12,19
6,21,92
27,18,19
1,20,84
27,28,59
9,9,2
29,30,42
11,14,73
1,19,17
7,1,100
17,8,10
26,28,86
24,1,97
15,2,15
2,13,24
11,18,24
11,28,97
18,24,13
18,7,80
7,14,83
7,27,38
24,20,20
10,21,72
4,11,13
13,3,68
16,19,16
23,3,71
11,23,7
28,17,65
14,16,90
30,14,70
26,8,68
19,13,2
10,17,85
14,15,100
17,24,16
22,10,35
5,17,46
25,11,53
23,13,86
15,7,29
14,16,27
3,19,33
12,21,9
1,10,17
18,14,8
18,22,73
15,16,5
22,25,39
4,13,55
19,16,23
26,23,2
20,29,59
13,18,49
2,27,93
17,6,39
20,5,3
23,18,12
18,19,6
19,30,91
20,11,25
19,5,42
25,21,41
10,5,81
24,24,66
27,12,75
11,8,75
6,5,86
3,8,84
5,22,2
15,6,27
16,25,64
10,20,92
21,19,38
19,6,87
13,18,8
6,12,40
18,29,59
3,21,32
27,24,56
21,15,51
12,1,38
10,22,98
20,8,74
11,29,9
5,19,22
13,1,38
1,12,11
14,25,85
23,27,67
25,4,73
6,24,16
11,10,80
3,3,49
15,16,14
27,20,17
2,6,24
2,1,17
16,29,65
21,23,67
24,7,77
24,9,34
24,3,9
21,25,84
25,23,11
13,16,23
22,5,55
12,8,100
18,2,16
9,3,3
12,18,89
26,24,75
5,3,36
18,27,65
2,23,99
4,30,4
22,19,27
22,13,22
19,29,19
28,6,16
29,2,94
11,9,68
3,10,6
20,20,52
29,18,97
29,21,85
17,4,37
22,30,68
1,27,75
9,14,95
22,18,93
16,1,65
27,16,54
8,13,53
22,22,87
15,3,44
15,14,9
19,27,70
21,8,23
29,7,7
20,1,99
28,5,61
28,15,48
14,7,76
4,20,55
13,1,5
28,27,40
19,22,8
20,10,21
17,18,54
9,4,64
13,15,34
4,27,67
28,4,40
21,25,66
19,13,13
14,18,16
17,17,78
12,29,33
10,2,46
2,18,71
25,13,94
14,15,73
22,16,69
19,10,24
18,10,84
7,15,25
25,6,2
10,3,66
2,17,36
20,16,65
27,14,99
21,30,45
7,7,100
26,14,88
18,2,5
14,2,87
21,27,58
26,19,33
17,2,7
11,29,68
18,29,2
12,12,45
16,4,1
25,22,55
12,10,2
10,19,13
28,5,17
12,11,9
22,29,74
18,15,8
23,26,23
15,13,85
6,20,30
16,6,83
6,22,36
24,17,33
2,18,70
28,3,98
10,25,40
8,27,79
24,22,73
18,18,19
23,10,79
12,10,81
14,1,5
21,9,38
15,1,92
3,19,60
11,6,23
2,5,56
18,27,63
3,9,51
30,3,65
26,28,9
26,9,9
22,12,2
20,29,43
18,26,62
17,17,90
27,30,57
30,11,62
27,10,40
20,12,59
20,5,39
11,24,55
3,24,25
19,24,96
24,30,32
29,4,4
24,18,32
9,18,96
22,3,31
18,20,36
19,26,83
1,3,94
12,5,67
13,24,76
19,18,67
6,29,31
24,6,30
14,12,64
17,30,76
19,3,46
15,11,18
10,10,59
10,13,17
25,14,43
12,7,100
3,5,79
18,9,63
13,21,67
13,28,7
23,27,16
30,7,90
29,9,42
24,11,48
19,2,11
30,17,68
16,9,59
4,21,38
23,8,25
23,7,25
7,4,65
3,11,94
22,22,74
18,7,86
18,8,98
20,12,39
12,2,60
16,5,88
18,5,33
1,7,66
28,11,15
4,15,88
6,21,98
19,25,26
7,4,85
7,1,78
4,4,77
28,22,98
13,18,97
29,8,22
29,6,55
26,4,8
17,7,60
6,12,30
8,26,81
6,6,41
28,10,17
13,19,3
8,13,3
6,20,77
3,10,90
28,21,54
12,16,34
26,16,24
30,13,6
6,1,15
16,4,22
2,25,30
5,5,21
29,18,64
11,23,5
22,27,27
10,30,1
17,16,85
24,4,5
23,9,98
14,24,55
23,22,37
18,10,8
12,11,95
9,30,45
11,3,8
28,5,36
25,13,15
10,29,66
8,1,75
24,16,42
26,11,4
25,22,83
18,16,56
14,19,18
27,8,36
27,3,3
8,12,43
25,30,49
15,26,66
14,11,49
17,30,56
6,15,30
14,26,46
8,18,40
3,24,66
30,13,9
16,2,58
6,26,89
23,1,87
4,14,89
12,28,94
15,8,32
1,12,61
24,12,61
2,24,12
27,13,9
17,12,53
13,30,65
5,6,84
19,12,53
8,5,51
25,5,82
8,6,40
18,4,21
2,20,9
28,20,62
27,28,15
24,27,19
21,10,91
6,8,41
20,12,15
6,6,83
16,6,19
18,9,2
5,10,98
24,6,45
24,1,9
9,12,64
26,4,53
16,27,68
19,4,42
25,15,84
17,28,11
19,8,61
8,9,21
15,29,14
22,23,88
13,25,66
29,1,17
20,6,38
8,4,75
18,27,93
26,14,32
25,9,86
1,22,73
2,1,41
2,17,7
11,8,41
30,6,43
2,19,74
10,12,80
9,3,70
5,10,56
8,21,91
16,27,77
11,5,18
17,16,27
22,27,47
11,15,54
7,11,14
18,30,66
21,17,69
25,1,25
30,12,29
7,10,48
15,13,70
10,26,100
5,20,4
18,13,83
18,14,67
15,3,19
8,30,59
18,9,53
2,16,71
16,22,67
18,14,88
13,13,48
29,2,84
23,13,58
22,10,62
9,8,55
10,5,54
26,18,64
9,24,52
16,1,24
22,2,17
21,6,66
6,18,70
12,30,51
30,15,7
29,30,41
22,27,59
2,23,33
27,29,82
12,5,74
12,1,4
23,15,9
23,7,34
4,16,63
11,29,60
10,14,9
2,21,22
12,5,40
25,28,40
30,14,49
24,1,55
10,27,84
7,4,22
8,24,60
4,29,28
13,16,62
4,26,9
4,13,24
10,25,24
29,3,48
13,22,91
1,2,7
6,7,42
17,17,14
12,9,22
21,2,85
11,4,1
28,6,54
25,9,91
18,7,76
8,3,31
17,19,55
16,18,61
6,10,66
10,30,13
3,3,18
16,3,65
8,9,67
2,23,43
20,21,61
30,3,98
14,26,99
16,19,60
20,9,22
6,29,70
8,13,61
12,8,13
11,19,83
28,5,74
22,1,88
7,12,3
22,13,76
17,22,87
20,14,17
30,26,78
20,27,12
16,25,14
14,15,86
21,15,84
17,29,88
27,5,58
30,16,41
24,21,41
4,15,61
2,9,64
11,26,64
24,3,80
19,30,49
3,3,62
21,1,76
10,8,75
1,30,16
29,10,91
22,20,12
2,12,55
30,4,35
24,24,14
4,19,20
24,21,43
12,6,12
3,30,53
5,21,93
18,14,89
17,25,8
29,22,93
26,14,47
1,16,32
23,14,14
24,14,23
13,9,77
2,30,64
1,7,17
11,27,1
14,7,24
19,15,100
21,4,16
25,29,45
11,27,46
19,25,27
2,29,55
19,7,85
2,30,73
19,26,93
19,8,73
13,9,52
7,29,27
20,28,51
12,14,49
3,10,53
25,7,60
19,6,93
18,30,34
4,15,86
19,28,87
24,28,62
15,1,79
14,6,87
26,22,48
17,4,49
14,5,66
3,26,3
23,23,18
18,23,98
28,11,59
22,14,82
12,18,71
10,20,63
29,16,99
6,11,80
3,24,29
22,18,25
19,16,78
7,28,57
6,8,84
19,10,75
9,3,26
17,29,22
7,18,24
12,6,13
22,10,73
30,30,79
17,5,57
17,28,63
14,4,97
28,25,85
3,15,20
26,28,87
29,1,38
30,27,70
2,3,88
2,9,69
27,30,41
17,20,47
5,25,73
4,19,58
1,9,43
10,17,22
26,8,56
28,6,83
9,19,92
4,3,21
19,23,64
23,18,95
29,5,36
10,1,90
23,6,55
4,18,58
14,21,65
20,30,47
24,2,52
3,4,88
13,30,59
30,2,76
14,10,40
19,18,26
10,9,77
4,10,38
1,17,78
16,16,76
23,3,78
6,10,3
12,4,20
10,30,67
9,5,78
23,25,24
1,23,43
2,14,95
7,13,45
8,14,98
22,20,98
3,27,79
6,13,33
26,9,56
23,11,7
19,5,40
5,20,62
13,22,24
30,1,49
18,26,85
16,28,7
17,1,17
27,3,30
14,10,37
20,16,39
4,9,48
28,10,92
21,2,50
25,2,78
8,11,38
25,15,84
25,1,56
30,8,100
13,3,68
5,10,55
9,10,47
8,13,43
7,23,40
15,16,63
21,15,14
26,13,84
30,8,80
16,25,74
20,27,4
27,4,91
23,21,18
23,6,82
10,7,13
4,2,100
11,7,87
17,17,87
3,30,93
10,8,32
14,23,90
26,30,10
21,5,36
6,14,84
1,24,59
8,8,81
11,14,2
9,29,63
17,9,19
18,26,67
21,1,3
22,30,23
30,25,7
17,19,85
10,10,14
21,13,94
26,11,13
13,25,41
24,12,98
6,23,90
3,22,26
1,18,47
7,4,74
6,17,26
14,6,77
4,27,18
9,9,50
24,25,70
16,25,99
4,10,4
18,19,53
23,17,12
24,4,40
8,22,52
1,7,80
7,4,52
27,19,33
12,26,95
22,3,83
23,11,61
22,17,22
23,30,54
22,22,47
14,4,38
4,27,50
18,7,27
24,5,8
23,17,53
11,2,98
5,2,86
11,9,16
20,3,73
5,24,18
8,5,29
28,27,72
5,2,97
7,10,78
19,29,46
14,30,66
13,16,39
11,9,36
8,11,92
4,26,3
7,4,83
28,7,73
15,14,85
26,1,42
19,10,37
29,14,46
16,9,79
7,3,24
4,29,92
20,25,32
12,30,45
4,28,58
1,28,52
8,15,87
11,20,80
13,10,28
4,14,34
24,16,90
14,29,45
19,23,51
17,19,86
26,27,66
29,5,92
11,21,78
7,16,90
9,3,42
6,30,66
17,18,93
16,30,16
13,8,98
13,10,96
23,9,43
1,23,8
5,23,7
1,9,4
14,7,13
7,12,84
17,24,34
1,22,24
13,6,58
14,7,72
28,27,3
3,11,44
7,16,96
15,15,46
23,12,29
26,6,64
18,17,79
19,14,82
28,26,95
27,27,98
15,14,1
20,3,29
4,6,33
18,22,21
6,3,10
15,20,83
18,20,59
9,8,51
24,13,16
6,7,25
9,16,9
3,18,79
8,30,10
25,1,12
15,4,1
21,24,78
23,21,34
6,28,81
26,16,89
10,22,47
15,21,12
24,26,13
17,25,1
4,26,88
23,9,66
3,25,84
1,25,79
19,18,55
7,30,60
13,15,68
23,30,92
22,24,66
12,11,79
25,5,10
26,29,7
2,13,59
9,19,77
13,30,53
15,10,35
2,18,72
5,26,63
7,25,98
28,18,54
28,8,57
21,29,36
2,3,48
14,28,19
29,20,78
1,24,24
4,9,91
26,22,32
9,18,46
25,10,51
15,24,19
24,3,29
17,12,20
18,3,23
20,16,70
29,26,99
11,24,78
30,30,4
15,21,62
22,13,97
21,9,4
27,12,15
28,12,84
12,23,99
3,16,67
11,23,94
24,24,68
26,9,41
26,6,41
21,1,13
26,10,83
23,3,35
25,17,34
26,29,88
21,13,29
12,12,33
25,20,8
7,12,24
18,1,28
2,29,65
8,2,79
17,2,3
28,17,25
9,21,30
25,18,53
6,12,72
30,27,56
11,3,40
10,11,80
3,30,10
23,30,90
7,4,38
7,1,4
10,13,57
29,20,53
20,5,47
1,6,91
22,28,2
3,26,28
21,29,24
26,5,71
23,30,63
28,18,67
13,25,17
13,8,67
25,15,63
14,15,66
19,5,91
14,11,48
19,8,53
23,1,78
3,24,57
8,23,86
20,19,95
23,9,92
13,28,26
29,7,65
7,8,33
10,15,37
27,21,42
11,19,62
14,11,75
17,16,9
23,19,47
26,1,27
16,17,96
30,30,59
15,7,78
23,18,2
11,4,80
20,30,24
4,5,78
5,12,12
15,16,57
7,28,20
15,9,21
12,15,99
28,1,92
14,18,62
8,10,77
17,21,43
28,24,12
8,6,42
4,11,29
5,17,26
14,13,52
14,3,12
14,3,76
27,4,79
6,2,5
15,22,54
26,9,5
16,20,75
17,3,31
6,23,71
13,9,32
20,8,4
23,14,77
5,13,91
29,5,8
27,9,81
21,7,70
26,23,78
28,10,30
30,12,51
18,7,86
21,5,20
22,17,89
8,3,27
8,15,4
22,25,48
23,10,19
24,17,76
15,12,53
9,10,100
28,19,59
5,9,79
7,11,65
2,3,1
22,3,12
3,21,80
21,19,41
23,19,91
19,28,85
25,17,27
18,8,5
23,25,20
26,7,73
10,8,71
27,4,91
14,6,84
29,6,13
15,18,6
26,26,44
2,4,4
27,19,84
8,28,9
26,8,26
29,21,92
12,24,91
27,4,65
11,25,94
12,26,85
1,9,21
17,24,67
14,27,75
4,27,71
3,1,53
10,15,13
25,25,27
2,26,74
10,30,42
21,3,26
24,9,40
19,10,80
20,9,62
29,25,74
10,6,58
13,23,31
23,25,26
14,24,64
22,20,15
21,8,84
30,15,58
2,15,68
26,21,79
14,9,15
9,17,84
28,5,48
23,29,2
2,11,40
24,24,18
30,12,84
18,26,23
4,10,61
7,9,23
6,7,5
23,7,95
10,22,61
22,17,70
1,3,81
8,13,25
2,18,37
1,3,82
24,4,12
3,24,19
20,21,29
11,6,9
22,30,33
5,11,17
10,19,42
22,9,88
5,30,92
12,9,5
22,29,13
3,19,65
14,19,15
25,23,79
16,15,79
21,10,82
15,30,27
27,28,22
13,1,7
27,4,54
29,30,37
4,2,51
5,25,28
20,17,42
9,25,81
24,20,44
20,23,12
10,2,94
25,13,53
28,6,16
13,28,60
25,22,52
17,28,34
14,14,74
4,10,21
29,29,84
29,18,99
27,9,43
22,23,15
24,13,25
9,27,98
29,26,32
17,24,41
13,26,15
10,27,79
1,6,47
17,4,99
15,10,38
6,22,15
8,6,5
27,9,91
4,27,38
20,27,34
15,21,1
14,17,93
11,14,32
27,1,59
29,23,3
17,25,49
4,25,68
10,6,28
25,24,20
10,8,8
16,9,48
11,4,60
15,28,20
7,3,26
22,15,8
22,20,24
14,4,23
5,15,7
13,19,50
18,7,63
3,15,85
30,16,46
28,18,44
16,10,13
27,22,56
2,14,37
2,4,84
7,21,78
6,3,92
30,17,90
26,29,68
28,26,38
19,26,34
10,26,66
23,24,95
17,14,72
15,10,100
25,6,76
9,14,58
8,18,79
20,5,24
21,14,5
19,24,42
19,15,27
24,16,49
10,20,82
29,13,90
1,26,49
28,2,18
11,21,73
19,25,48
19,11,69
18,14,67
19,15,52
17,7,49
12,7,57
27,6,73
6,5,47
23,11,93
16,30,90
30,3,34
12,7,89
29,3,67
18,30,29
18,19,37
2,22,45
25,16,97
9,30,19
29,3,46
9,7,5
14,27,87
13,27,76
5,18,12
1,1,38
10,26,10
24,3,75
24,10,10
20,5,78
19,7,96
3,1,97
7,17,84
14,21,95
21,3,41
20,14,39
21,5,99
5,14,65
7,11,12
21,23,33
1,2,35
16,1,14
26,14,47
23,12,91
22,29,68
30,14,80
10,20,43
14,29,76
18,29,67
16,15,27
18,1,88
19,2,72
21,1,69
1,26,27
12,3,35
14,16,2
24,3,69
3,30,89
28,9,37
25,1,46
9,3,95
14,22,46
5,12,84
22,24,12
29,8,72
18,19,15
2,9,31
5,1,26
4,24,80
23,23,31
1,24,11
1,11,91
15,9,74
22,15,50
23,19,67
23,28,60
5,5,46
15,18,66
7,23,36
10,13,97
29,6,43
18,6,68
6,25,50
15,7,39
2,20,78
14,9,48
12,1,74
29,19,30
17,3,79
21,29,36
10,3,81
21,15,22
15,27,79
22,10,29
12,13,68
24,26,59
3,14,7
27,4,39
11,19,21
17,19,92
12,6,31
19,6,8
29,16,45
18,18,26
25,5,57
8,3,31
15,26,50
13,21,77
22,19,99
26,10,33
17,18,2
27,9,39
5,30,54
23,5,19
24,5,45
2,2,33
2,25,33
23,14,14
11,30,64
30,15,51
14,18,58
22,7,48
29,21,8
27,24,50
30,27,55
24,9,16
13,20,54
9,30,89
4,2,72
11,8,97
29,11,26
18,12,32
4,10,15
10,12,34
11,9,37
27,9,59
15,8,48
13,24,56
18,1,62
3,12,94
5,8,79
27,11,39
14,3,30
29,19,23
25,26,51
22,27,30
26,18,40
17,8,33
11,2,73
20,25,18
1,9,94
24,5,77
15,14,84
9,18,93
18,26,24
11,24,83
8,4,95
18,18,8
7,22,4
24,17,6
6,26,20
21,15,49
20,5,68
4,1,78
14,11,81
19,25,90
9,23,69
20,28,24
9,9,13
14,13,58
27,18,49
17,16,32
20,8,84
4,25,57
19,9,90
28,12,35
19,6,51
7,3,39
2,28,75
26,24,24
15,27,23
28,11,64
11,8,70
20,24,4
28,18,8
10,20,31
18,18,43
9,18,11
19,17,89
12,28,47
2,30,4
8,14,66
16,20,2
30,26,89
26,5,74
2,24,67
10,16,29
4,20,3
29,15,80
25,20,51
29,20,45
21,20,61
11,1,61
27,13,46
8,20,59
7,6,39
27,15,47
15,17,70
7,27,74
19,21,51
21,11,65
11,7,93
4,23,18
17,30,35
8,17,61
18,3,21
9,12,40
9,15,85
18,24,51
2,15,93
3,2,76
22,22,57
15,12,33
15,7,82
14,29,67
1,27,96
26,12,12
16,25,69
5,23,2
30,7,79
4,6,30
1,12,80
1,13,43
23,27,17
7,14,56
24,14,32
18,6,3
30,4,45
3,7,93
10,23,53
17,27,67
29,21,62
24,16,100
12,28,96
2,22,83
8,7,25
11,27,24
24,28,27
18,5,24
15,7,5
12,15,46
10,30,22
16,23,10
24,19,8
20,12,23
5,17,81
16,17,30
20,6,49
6,17,90
25,7,95
10,28,65
25,13,32
12,9,6
13,13,78
2,22,32
17,16,42
18,25,33
10,3,18
16,24,25
29,11,14
6,20,41
25,19,55
3,8,11
27,17,100
3,12,75
8,4,61
16,12,86
24,25,40
13,7,73
21,16,50
28,9,6
21,20,69
13,5,95
5,8,32
29,4,60
18,13,74
11,9,34
29,29,80
10,12,72
17,13,89
15,15,28
3,25,54
11,5,93
6,16,59
18,24,86
27,24,93
2,2,7
23,15,12
11,26,96
27,28,41
29,19,88
23,18,100
22,21,25
17,5,68
15,11,21
26,23,48
7,22,62
3,11,17
8,22,78
27,14,61
15,1,50
1,5,31
23,8,27
8,14,18
27,6,42
28,7,90
6,6,45
6,9,85
1,4,14
17,30,50
21,5,9
21,7,16
6,14,14
24,3,96
27,9,47
30,30,64
30,21,37
9,14,29
10,8,58
12,14,30
15,4,60
30,14,100
15,27,34
23,1,97
22,22,75
28,18,72
15,8,42
9,10,59
2,9,70
3,20,31
23,25,27
30,14,52
6,28,13
18,17,69
7,5,29
8,13,19
29,5,3
27,12,100
24,10,66
21,20,3
27,30,3
3,17,79
5,9,16
23,18,94
26,12,12
15,13,72
20,27,70
3,27,31
12,27,52
12,10,79
29,26,77
21,19,29
23,28,79
22,22,4
2,19,55
12,19,82
11,10,42
6,10,68
10,6,53
6,13,42
21,27,85
25,30,71
4,5,87
4,23,85
8,21,52
26,23,81
24,14,20
6,2,70
21,15,34
11,25,71
6,1,38
14,10,13
25,16,97
20,11,43
11,22,6
23,28,14
16,20,30
28,24,35
18,9,19
16,5,24
11,5,9
2,16,50
7,2,89
14,29,37
3,19,12
25,20,60
8,25,60
10,20,71
18,14,1
28,16,39
20,1,31
4,28,66
26,14,64
14,24,78
23,8,51
23,21,43
20,22,77
10,6,33
26,27,72
21,25,61
11,3,35
4,16,14
10,27,94
6,30,70
25,26,52
12,13,39
27,2,22
10,22,93
6,23,45
2,14,44
29,15,2
6,5,46
4,22,49
1,25,38
22,26,14
17,18,74
10,17,63
11,24,48
17,21,37
20,11,95
30,6,86
11,8,93
30,13,52
12,8,2
22,25,7
24,27,27
18,30,38
2,23,91
30,22,22
5,9,19
21,5,24
9,15,14
19,22,78
26,18,41
14,11,49
1,20,80
30,22,45
3,13,14
12,21,41
7,26,80
7,11,75
19,30,59
13,30,74
13,8,86
27,7,4
25,29,96
9,13,75
5,24,24
17,30,40
21,3,84
25,4,25
24,14,99
26,13,52
17,1,55
11,27,59
4,15,41
22,1,23
21,20,30
2,19,78
2,29,69
30,26,14
3,11,46
21,30,80
23,13,39
22,26,75
10,28,5
3,1,100
9,18,89
30,27,78
24,20,36
28,27,2
4,20,17
23,17,17
23,24,44
16,10,40
1,6,72
22,12,59
19,27,22
7,14,25
5,15,98
15,11,28
5,15,21
24,26,81
7,29,100
21,30,15
28,16,68
21,19,25
6,19,6
14,28,90
27,24,36
30,14,47
29,18,97
23,4,33
22,8,11
27,22,9
5,23,12
22,25,46
6,17,25
26,7,91
15,8,22
22,4,44
30,14,30
13,1,14
30,14,4
28,26,4
27,20,32
23,19,19
5,26,12
10,7,92
7,1,11
28,3,15
24,21,37
27,21,13
17,7,78
2,29,73
28,21,32
6,11,79
22,21,32
24,17,57
11,22,82
5,13,30
22,17,64
14,14,10
28,30,3
22,10,55
30,10,29
21,2,47
12,21,39
14,22,51
20,8,57
5,8,85
22,23,51
17,15,60
2,18,67
21,18,49
22,4,11
11,20,10
27,1,26
10,5,16
13,20,26
11,3,41
21,13,32
29,22,98
9,2,41
4,1,28
13,6,48
6,10,19
13,10,36
22,22,4
2,25,64
13,25,60
2,24,81
17,7,37
24,16,66
17,21,43
21,6,63
21,1,8
28,13,68
5,17,29
17,20,51
19,14,27
9,15,29
27,14,91
3,1,92
16,27,32
17,8,11
14,20,78
26,17,28
27,18,85
27,12,34
8,29,14
23,24,77
26,1,60
16,25,19
14,21,26
14,6,6
9,21,46
22,1,93
30,17,22
25,13,67
13,4,46
20,30,3
9,24,5
26,22,11
19,8,49
23,4,71
17,17,5
17,8,64
10,26,48
14,30,53
5,19,20
4,15,39
5,19,12
17,2,2
4,1,36
30,27,36
4,29,26
10,25,75
3,27,37
21,8,77
10,11,52
20,3,97
4,24,82
27,6,74
6,5,71
1,16,83
1,9,46
11,8,56
13,25,77
15,15,43
2,14,100
28,2,59
22,18,13
10,13,73
30,25,29
23,14,72
7,11,9
27,16,69
18,24,4
17,9,3
6,22,19
24,23,22
3,8,19
17,8,28
24,2,91
30,20,11
18,9,93
19,20,25
16,19,65
14,20,25
22,10,99
24,23,72
8,11,38
10,28,62
18,28,67
4,2,73
8,21,76
28,12,29
2,20,6
13,24,42
1,5,74
28,11,34
14,24,50
7,16,54
6,15,5
7,26,51
17,8,68
5,5,27
4,23,64
24,3,27
14,29,66
9,9,92
11,23,57
17,4,5
17,10,59
27,10,98
16,12,53
13,23,57
19,19,21
8,10,73
19,20,24
20,1,52
1,19,96
9,25,25
16,29,85
19,22,77
10,9,70
6,27,70
17,18,9
21,23,44
5,30,56
23,23,14
1,1,98
29,2,100
2,5,55
17,25,9
12,28,14
27,18,99
30,13,57
6,26,69
27,26,76
20,4,46
9,17,28
28,27,15
22,23,23
28,13,50
7,9,3
13,29,60
27,7,29
19,26,79
21,24,25
25,23,9
1,9,9
15,27,93
5,22,32
10,6,42
25,26,68
18,5,31
22,19,39
2,3,77
20,26,25
29,9,68
30,10,73
3,16,10
24,17,16
8,7,19
14,6,11
30,3,92
9,17,56
13,8,72
19,10,60
8,5,50
13,15,8
24,26,28
27,12,49
2,21,7
7,30,31
15,4,92
7,19,12
16,9,88
12,4,22
14,26,53
20,6,61
30,29,5
13,18,15
13,28,10
26,22,69
12,28,90
27,14,39
6,12,75
22,23,1
7,27,13
14,15,36
30,11,29
30,27,72
20,23,35
27,29,35
28,22,67
8,23,32
15,2,79
18,10,36
3,11,35
8,14,78
19,20,86
21,26,32
27,8,80
14,26,63
16,2,78
30,15,58
4,24,83
7,12,82
9,26,48
20,22,78
26,13,23
16,23,32
17,10,12
3,6,58
14,23,50
24,3,42
6,23,96
15,3,26
21,16,69
9,28,69
22,10,80
27,11,10
18,16,76
23,29,26
15,26,84
3,17,73
27,24,54
27,28,80
5,4,61
12,16,16
27,26,82
21,10,11
9,21,17
22,28,96
29,21,14
17,7,90
7,24,82
25,18,1
18,9,99
12,23,40
20,18,69
18,27,16
2,23,6
6,25,90
20,26,60
21,5,46
14,22,78
11,25,81
1,9,17
9,8,93
7,4,10
9,6,38
5,10,88
22,17,75
20,25,8
14,4,50
12,16,55
19,7,49
21,27,34
27,14,99
8,26,7
24,12,18
2,21,20
16,21,54
30,4,15
11,20,84
4,17,75
18,2,35
23,25,88
12,21,82
23,8,1
26,3,11
25,1,75
8,12,27
24,23,53
18,23,73
29,7,55
2,24,11
4,2,80
2,25,83
6,17,37
1,2,16
24,5,61
22,29,85
12,13,58
10,16,83
2,29,45
18,19,82
8,18,98
27,12,95
5,1,58
13,7,14
9,10,30
1,8,84
4,5,46
25,12,36
4,18,43
10,4,92
25,1,46
12,27,14
13,7,40
30,15,15
3,30,100
11,3,54
25,4,50
27,4,81
30,1,16
6,26,62
15,22,82
1,28,77
25,14,98
25,11,43
9,3,72
13,18,7
6,18,22
8,7,1
27,3,94
10,13,6
18,12,96
15,10,98
6,12,30
14,15,47
18,13,83
5,26,68
3,11,52
27,1,52
20,18,42
6,6,21
2,21,98
24,5,88
28,28,47
22,22,26
20,6,26
20,13,2
4,7,64
23,5,26
21,5,74
6,21,49
24,16,56
6,8,60
21,29,73
10,27,24
15,4,56
4,28,21
22,14,25
17,17,90
25,16,33
27,4,95
30,4,39
15,30,44
9,18,52
13,3,71
12,15,95
12,23,17
24,16,68
16,7,19
28,19,77
13,2,45
14,23,78
30,6,100
29,24,32
20,17,81
17,25,67
26,30,88
16,24,49
17,23,37
1,15,14
10,11,50
15,17,54
24,25,15
17,9,100
2,13,80
28,2,68
3,22,24
12,24,33
8,4,47
14,9,33
12,25,62
3,11,67
9,3,91
3,30,82
18,15,21
7,16,61
25,16,41
11,5,65
6,20,89
29,8,9
18,20,72
22,7,19
18,1,46
10,18,10
9,23,33
8,17,97
29,11,85
23,21,65
2,28,99
18,23,22
21,1,39
17,26,21
6,16,15
26,15,59
2,7,99
15,5,44
24,13,21
6,19,54
25,7,70
20,19,93
11,11,10
20,2,29
20,14,21
1,16,67
8,7,92
25,17,96
24,1,81
25,10,88
10,28,79
9,2,72
10,2,23
26,18,70
20,28,85
4,23,36
3,6,97
13,14,44
